440488 345035 374.999973067 0 0
439189 341233 340.000013626 5226.13472377 12692700
439560 336967 317.000013724 10183.3836345 29014200
439560 332887 296.000000339 14986.9835107 104967904
438447 329177 280 20021.0569434 128077200
436685 325375 263.000000118 25362.4284457 188195392
436500 321387 246.000013528 30281.2650986 296589600
436036 317956 230.000013516 35545.8120802 724820416
435480 313876 220.000000114 40426.2364722 786736768
436222 309796 206.0000273 45153.0118304 800142272
433903 306457 193 50302.3220355 848677504
433996 302377 182 55221.1586892 866205888
431770 299224 170 60485.7056731 873763200
429452 296163 160.000000227 65596.6036213 996259520
431492 292269 148.000013737 70707.5015695 1020932096
435480 291156 140.000000226 75626.3382202 1092584704
436685 287168 132 80814.0606866 1706062464
435109 283088 123.000026664 85963.3708962 1719783936
434645 279193 113 90805.3830298 1769453056
435758 275669 109 96223.5790514 1779586176
435665 271959 97.0000001192 101142.415704 1872323072
436129 268065 88.0000003469 105830.778803 2211785984
438355 266766 80 110864.852233 3678866176
440673 264633 72.0000132459 115668.452109 3727595776
443919 262686 61.0000133544 120548.876502 3866915584
448092 260924 52.0000005519 125890.248003 3925292288
451894 258049 43.0000798069 131154.794988 3961183488
455974 257864 36.0000529358 135804.745825 3995438336
459035 255174 29.000013193 141069.292807 4274920704
462744 256936 22.0000002275 146141.778495 4560640000
466082 255545 17.0000262828 151060.615145 5344906752
467752 252114 11.000000116 155979.451799 5373766656
467566 249425 8 161051.937487 5407940608
470627 247292 3.00001303476 166162.835432 5423946240
