387999 924538 110.999969513 0 0
384939 927691 79.9999384784 5302.96 29014200
382157 929917 58 10260.2 73531800
378726 932050 47 15294.3 134103600
375109 933719 36.0000154507 20520.4 224758800
375109 937707 32 25592.9 244085408
373347 940953 31 30473.3 281847616
369638 941231 29.0000001325 35699.5 324267296
366577 945033 24 41117.7 1039173312
362312 946239 21 45959.7 1047305728
358046 946053 18.0000919557 50302.3 1051833600
353780 946146 16.0000004988 55451.6 1225278848
350071 946146 13 60793 1252932352
346454 942993 11.0000162201 66096 1265949056
346083 938727 7 70592.3 1277774976
345341 935481 5 75511.1 1292411648
342652 932236 4.00004594186 80545.2 1391045376
339220 930288 2 85579.2 1418682624
