788709 1.25152e+06 1246.00003164 0 0
787318 1.25505e+06 1147.00000111 5149.31 13478400
785556 1.25876e+06 1109.00000292 10298.6 83972704
784165 1.26265e+06 738.000002444 15371.1 106029000
783423 1.26645e+06 483.000017927 20443.6 117150304
783145 1.27063e+06 468.000000623 25400.8 215273696
782217 1.27415e+06 457.000045321 30358.1 255320096
780455 1.27758e+06 449.000045316 35315.3 277611296
779435 1.28166e+06 448.0000006 40541.5 314369088
778694 1.285e+06 427 45575.5 324080992
776746 1.2889e+06 405.000000304 50724.9 338353216
774706 1.29186e+06 389.000002064 55605.3 396786592
774057 1.2952e+06 379.000060436 60677.8 438388192
777210 1.29715e+06 367 65903.9 445321792
776375 1.30058e+06 341.000000296 71168.4 967366784
772573 1.3016e+06 329.000060239 76356.2 1133368192
770440 1.30364e+06 324 81198.2 1156518016
766823 1.30448e+06 317.000015047 86078.6 1224477056
764041 1.30596e+06 309.000030098 91112.7 1241972992
760796 1.30772e+06 301.000105267 96069.9 1289187840
757272 1.30809e+06 295.00012033 101104 1756914304
756066 1.31143e+06 287 105716 2238977792
752913 1.31227e+06 282.000000154 110711 2247531264
750224 1.3118e+06 271 115745 2326773504
746978 1.31264e+06 259.000135332 120549 2624699648
744845 1.31607e+06 249 125429 2698531328
742156 1.31876e+06 232 130387 2786472960
737983 1.32024e+06 216.000030333 135382 2972489472
733995 1.32145e+06 193 140339 3111031808
729729 1.32191e+06 181.000180157 145412 3218931968
727504 1.32441e+06 176.000090946 150100 3747319296
725742 1.32868e+06 172.000166655 155096 3829923072
722496 1.32961e+06 152.000030428 160399 3921736448
719714 1.33304e+06 140.0000013 165471 3965986816
718045 1.33665e+06 115 170390 4103589632
714057 1.33934e+06 107.000076313 175732 4117602560
710811 1.34166e+06 86.9999402912 180766 4139991040
707009 1.34444e+06 50.0000299184 186069 4152278784
704134 1.34769e+06 39.0000001472 191180 4161115904
703300 1.35186e+06 33 195753 4192236032
700703 1.35604e+06 26.0000011337 201056 4472560640
697086 1.35956e+06 23 206589 4907425280
694397 1.3616e+06 20 211201 4930899456
691429 1.36364e+06 19.0000004324 216158 5043845632
687164 1.36448e+06 19 220923 5079753216
684289 1.36244e+06 17.0000149184 225996 5093887488
681692 1.36522e+06 16.0000001393 230953 14554436608
679188 1.368e+06 16.000059582 235795 24996988928
676685 1.37115e+06 11.0000013269 240714 25048059904
673068 1.37226e+06 10.0000010192 246093 25188771840
669822 1.37106e+06 10 251435 25206925312
665556 1.37069e+06 10 256238 25218037760
661290 1.36995e+06 10.0001489174 260812 25493098496
657025 1.37022e+06 10 265961 25841721344
653223 1.3693e+06 10.0000149005 271033 25891213312
648957 1.368e+06 10 275991 25986412544
644784 1.36883e+06 9.00001489458 280794 25996496896
641723 1.3655e+06 8 286020 26003755008
639034 1.3629e+06 8.00001491498 291016 26073040896
634768 1.36327e+06 8 295589 26555299840
630502 1.36429e+06 8 300277 26569863168
630317 1.36104e+06 8 305273 26581438464
628462 1.35752e+06 8 310307 26687492096
624753 1.3539e+06 8 315917 26960955392
621878 1.34973e+06 7.00001495047 321412 26990788608
617612 1.34843e+06 6.00005991997 326447 27419553792
614181 1.35084e+06 2.00000113775 331826 31685183488
616499 1.35372e+06 2.00000054445 336553 31698968576
