751522 1.03494e+06 1035.00000092 0 664200
753469 1.03174e+06 966.000015351 5042.02886613 16726500
754119 1.02775e+06 946 9845.62873884 33574500
754397 1.02349e+06 937.000000153 14687.6408706 48729600
754582 1.01941e+06 931 19798.5388151 104149800
756344 1.01514e+06 928 24794.1999828 174862800
757643 1.01088e+06 928 29597.7998556 193638592
759590 1.00661e+06 927 34670.2855413 467856000
762928 1.00299e+06 920 40050.0692992 534470400
764598 1.00003e+06 862 45237.7917621 658481408
766731 998356 824.000002151 50387.1019663 690889472
766174 995017 805.000078578 55344.3508751 704084416
767565 992884 646.000076735 60301.5997838 755235904
769327 989082 498.000000615 65412.4977285 774457216
768493 985095 472.00000246 70062.4485653 1060136128
772295 982776 394.000214817 75096.5219921 1667595648
775448 985002 373.000093299 80053.7709009 1771526656
778694 985280 209.00000386 85164.6688457 1802055552
781383 984909 120.000001082 90237.1545315 1813355136
784721 984816 111 95309.6402173 1938151808
788338 983982 94.9999587743 100266.889126 2009245440
791027 987506 79 105339.374812 2023776896
793995 989082 74 110181.386944 2150979328
793902 986857 71.0000306906 115484.346184 2158496000
795293 984446 68.0000926868 120403.182834 2172630528
799188 984353 46.0000147218 125782.966592 2230642688
801135 986857 27 130663.390983 2242160896
804938 987413 24 135582.227632 2371218176
808183 988062 21 140616.301059 2404849408
811615 990473 17 145535.137709 2434673664
814397 990381 11 150607.623395 4421563392
815324 986115 10.0000007837 155257.574232 4450941952
819590 984075 7.00003068813 160445.296695 5615454720
822650 980922 7.00000078805 165825.080453 5630755328
821074 976749 4.00000094251 170859.15388 5645432832
820332 972483 4 175509.104716 5668153344
821259 968588 2.00007669294 180082.231035 7147229184
824412 965249 2 185269.953498 7181379072
