619745 614246 1052.00025358 0 8100
622063 611186 976.000000548 5142.7197034 39228300
624382 610629 945.000044105 10400.6761841 76715104
627998 609887 807.000353 15581.8081466 119596496
631430 612484 242.999974597 20839.7646266 195525904
635510 612484 159.000176729 25982.4843286 245980800
639405 610351 117.000000138 31317.2653282 273901504
643671 609795 111 36383.1605137 499786208
648122 608033 100.000000135 41564.2924749 526605312
651924 605992 63 46745.4244364 542092480
653686 602376 51.0000880636 51580.8460677 592749888
656005 598852 48 56608.3289945 953297088
657488 594864 36.0000884459 61635.811921 1195122560
661661 594957 27.0000150689 66855.3561448 1220953472
665649 596162 25.0000023007 72382.1984397 2036105088
669080 595142 15.0000293037 77601.7426614 2103254144
673532 595050 12.0000293181 82706.0501037 2136261632
677705 594400 10 87771.9452892 2193050624
681785 593937 8.00000084545 92876.2527333 2224721664
686236 593473 6 97980.5601769 3474414080
689297 591804 5 103161.69214 3478172416
692357 588280 4 108496.473138 3795141632
691615 584107 2.00000027655 113216.657993 3981976320
695974 580768 1.00000000001 119012.3861 3987006208
