821445 1.37941e+06 1133.99970093 0 0
823485 1.38098e+06 956.000000757 4819.51074853 10918800
824876 1.38516e+06 929.000059395 9907.90731171 30577500
826730 1.38933e+06 905.00001454 15034.7161324 51694200
830996 1.39035e+06 895 20084.7004378 89302496
832016 1.39443e+06 883 25057.8602237 180435600
834520 1.39777e+06 875.000015727 30261.4935637 267786000
835819 1.40213e+06 874 35234.6533495 328625088
839806 1.40509e+06 874 40668.760245 370955712
844072 1.4063e+06 874 46026.0426216 852832768
848431 1.4076e+06 874 50922.3778902 939243584
852789 1.40973e+06 874 56164.4234909 1165427968
857148 1.41001e+06 874 60638.2239109 1177221632
861228 1.4089e+06 874 65803.4449923 3462442240
865308 1.40797e+06 874 71275.9641459 3519020800
867256 1.40973e+06 855 76287.5361917 3581091072
869389 1.41205e+06 834.999972285 81299.108237 3602572288
872913 1.41112e+06 757 86310.680282 3678072320
876158 1.41158e+06 452.000046849 91322.2523273 3722865408
878848 1.41019e+06 230 96180.1753359 3735460864
879404 1.40611e+06 166 101345.396414 3767553024
878106 1.40259e+06 117 106280.143942 3961264384
879775 1.39879e+06 62 111406.952764 3986398720
881259 1.39452e+06 49.0000741024 116572.173844 4127516928
882835 1.39118e+06 38 121314.860075 4138265600
882928 1.38682e+06 30 126403.256638 4154449408
881723 1.38256e+06 19.0000296983 131222.767388 4177542656
879311 1.3795e+06 14.0000004614 136272.751693 5111262208
883485 1.37848e+06 12.0000151735 141361.148257 5181659136
884412 1.37579e+06 10 146487.95708 5272792064
887379 1.37171e+06 9 152114.125268 5292531712
891274 1.37041e+06 7 157509.819902 5305799680
895540 1.37236e+06 6 162713.453242 5364759552
897488 1.36865e+06 2.00000093537 167993.9111 5373151232
