600363 605158 1977.9996278 0 32400
604444 605900 1622.99996955 5187.7224616 13429800
608431 604787 927.000235032 10183.383631 29808000
607782 601634 795.000060763 15255.8693172 47952000
608339 598481 743 20520.4163012 99662400
608710 594215 719.000210645 25170.3671396 139384800
607782 590506 687 29897.142497 215686800
605835 586611 668.000001491 34892.8036668 278275488
604073 584014 598 39965.2893528 312433216
605464 581047 584.000029225 44807.3014858 321294592
607133 577152 583.000015921 49687.7258792 405575104
607875 573720 582.000014581 54760.211567 439303488
609451 570382 578.000088374 59832.6972554 554234368
608988 566858 576 64597.8848697 560981696
609359 562870 573.000014685 69977.6686281 649636224
608895 560088 570.000014541 74973.3297984 669432576
607411 555915 569.000000132 79815.3419326 705850176
609266 551649 567 85003.0643982 724561216
613346 552670 565.000014516 89998.725565 943714816
614737 556750 564 95148.0357704 1190076288
618354 556657 560 100105.284679 1215210624
622249 555730 556 104908.884551 1323062144
623733 552577 542 109789.308945 1336945536
627164 550166 303.000072533 115169.092705 1369953024
630595 553133 198.000000544 120395.227428 1392203648
634861 552670 193.000014517 125160.415041 1507563904
636808 549146 180.000130463 130309.725249 1525618816
640703 549146 163.000014362 135343.798674 1539882880
642558 545993 149.000014491 140377.872104 1553774336
645155 543952 113.000045202 145258.296498 1567997952
647937 542747 63.9999751455 150561.255739 1839931136
652017 543952 46.0000144795 155403.267871 1857168000
656283 545065 38.0000434501 160437.341298 2182569216
659529 543952 17.0000004174 165586.651502 2241464320
663516 543860 14.0000144866 170928.023 2339190784
667782 544416 14.0000144892 176038.920947 2396660480
670657 545900 9.00001448758 181034.582117 2421770496
674552 547291 7.00000013587 186107.067803 2521189888
678354 545807 7.00005797903 191794.149634 2598876928
682063 543118 4.00001475571 197097.108874 2654702080
686329 543952 1 202015.945522 2669913856
689482 541634 0 207011.606689 3768897536
691429 537368 0 212084.092377 3803152384
