635325 923426 2224.99964367 0 48600
638849 920922 1744.00010728 5226.13472054 11931300
642836 919809 1617.9999844 10144.9713712 38029500
646360 918789 1572.00001545 15294.2815755 59251500
647380 915265 1559.00000043 20443.5917818 97410600
650348 912947 1554 25208.7793964 123322496
652759 908959 1550.0000153 30434.9141194 166390208
654335 905064 1549.00000015 35276.9262516 371830496
658508 904137 1548 39888.4648298 2045784576
662774 903858 1548 44346.3543719 2373802240
667040 900613 1548.00001529 49956.6116837 2427205376
670842 899314 1548 54798.623815 2700944896
672233 896161 1545 59640.6359478 2723997696
674459 893194 1545 64828.3584108 2754097152
677519 891988 1539 69785.6073202 3029845504
680765 890505 1495 74858.0930068 3066765312
682527 888464 1495 79930.5786932 3127823104
684289 884199 1457 85079.8888985 4106230272
686978 882251 1422.00064153 90344.4358792 4124803584
689482 882158 1369 95378.5093055 4175436544
690966 881138 1333.00044548 100297.345957 4194601216
694583 881046 1316.00015269 105254.594866 4223858432
697736 877893 1304 110442.317327 4283693056
698292 873719 1266.00009158 115361.153978 4362643968
702187 871401 1027.00010665 120587.2887 4376883712
703763 875574 727.000000587 125544.537609 4389876224
707473 876316 605 130348.137482 4470025728
711739 875481 568 134959.67606 4547996160
715077 875945 557 139801.688193 4783884288
715819 880211 557.000030536 144374.814512 4809447936
718045 880118 552 149447.300197 10856316928
720641 875852 537.000006668 154788.671698 10919553024
723145 874461 433.000177969 159899.569645 10946080768
727040 871494 378 165240.941145 11015068672
731028 871216 355.000076302 170428.663607 11077357568
734273 872421 346.000000443 175078.614445 11104258048
737983 872328 314.000030372 180304.749167 11132752896
741043 870103 287.000091555 185300.410335 12318277632
743918 868341 259.000152527 190334.483762 12410779648
746143 866486 219.000000299 195214.908154 12422338560
749296 868063 217 200210.569322 12630281216
752357 866022 140.000137625 205052.581455 12694506496
755788 864446 76 210240.303918 12706258944
759312 861664 63.000000447 215351.201862 12770022400
762372 858140 59 220577.336586 12944123904
765432 855822 43.000259133 225304.111941 16382541824
769234 858325 32 230491.834405 16408809472
773500 858047 24 235026.548465 16506471424
775633 854709 14.0000609658 239791.736079 16627461120
779899 855451 11.0000770853 244441.686915 16675947520
783979 853225 5.00000063018 249552.584861 16705715200
788245 851370 2 254663.482806 16714746880
