828678 1.47158e+06 1140.00015934 0 0
824876 1.47047e+06 1102 4918.84 26916300
821908 1.46788e+06 1100 10106.6 59583600
818848 1.46435e+06 1095.00004395 15409.5 92583000
815324 1.46333e+06 1072.00033598 20174.7 106401600
814304 1.45953e+06 1009.00000072 25362.4 138453296
814768 1.45684e+06 998.000000759 30550.2 182898000
812542 1.45359e+06 954.000044213 35622.6 205027200
810780 1.451e+06 926.000000879 40618.3 213580800
808740 1.44924e+06 913.000002902 45537.1 224029792
805494 1.44645e+06 894.000088398 50686.4 234762304
802434 1.44488e+06 866.000207511 55797.3 280705504
801043 1.44126e+06 856 60908.2 310505408
798632 1.43801e+06 826.00005877 66134.4 574800320
799188 1.43393e+06 784.00006245 71245.3 586067392
802341 1.43162e+06 686.000308752 76087.3 956950208
804845 1.42865e+06 649.000002121 81006.1 975264320
806792 1.42457e+06 606.000001221 86078.6 1578868224
806885 1.42067e+06 565 90920.6 1605201280
809203 1.41771e+06 531.000029816 96300.4 1666113280
810687 1.41409e+06 497.000014611 101296 1718544640
812542 1.41158e+06 478.000029393 106292 1766861056
812635 1.40806e+06 455 111134 1790043264
811893 1.40389e+06 448.000000446 115745 1863745152
812727 1.39962e+06 445.000015698 120434 1900349056
809111 1.39897e+06 435.000029623 125545 2004644736
805309 1.39869e+06 413.999956007 130579 2027867392
802897 1.3973e+06 385.000059719 135574 2315854848
800765 1.39341e+06 368.000001079 140724 2525442304
798817 1.38942e+06 347.000000307 145758 2620981760
799095 1.38525e+06 332 150638 2636768768
797612 1.38209e+06 323.000000149 155519 2932896512
794737 1.37903e+06 313.000059611 160783 2970221312
792511 1.37477e+06 310 166124 3069568000
789544 1.37087e+06 299.000030508 171466 3829096704
787596 1.36689e+06 282.00002979 176500 3862468864
783423 1.36494e+06 272.000029799 181534 3898505728
779250 1.36244e+06 262 186875 3934194176
776375 1.35947e+06 258.00000088 191871 4191677184
773964 1.3552e+06 252.000000895 197212 4256209920
773871 1.35112e+06 246.000014943 201901 4272207360
772573 1.3475e+06 243.000000149 206666 4314327552
770533 1.34584e+06 236.00002991 211623 7670424576
766267 1.34602e+06 234.000059803 216196 7690698752
762001 1.34546e+06 230.000074762 220693 7818468352
760054 1.34862e+06 228 225381 7893166592
757179 1.3514e+06 225.000001333 230223 7925469184
754211 1.354e+06 223.000014931 235027 8047098880
749946 1.35539e+06 219 239945 8420962304
748184 1.3527e+06 215 244826 8432974848
744938 1.35372e+06 207.000000153 249783 8580378624
741136 1.35492e+06 199.000089597 255048 8686998528
737148 1.35622e+06 177 260274 8779719680
732975 1.35724e+06 163.000000147 265154 8788637696
728709 1.35771e+06 129.000134344 270303 9040077824
726483 1.3591e+06 125.000029999 275376 9199769600
725000 1.36271e+06 116.000029979 280141 9253245952
723980 1.36698e+06 111.999970349 284983 9369925632
720734 1.36967e+06 76.0000148904 290248 9404059648
717674 1.3731e+06 39.9999703764 295589 9539248128
713593 1.37542e+06 34.0000297488 300969 9627198464
709420 1.37338e+06 32 306118 9720162304
705525 1.37366e+06 30.0000297708 311498 9774262272
704042 1.37737e+06 27.0000001428 316378 9858938880
700796 1.37941e+06 24.0000446071 321374 9942118400
697272 1.37792e+06 24 326485 9978414080
694212 1.37421e+06 23.0000002904 331865 10233499648
691893 1.37171e+06 22.0000148904 336976 10303912960
688184 1.37329e+06 18 341894 10344566784
685773 1.36902e+06 17 347236 10363836416
683640 1.36485e+06 16 352347 10410354688
680858 1.36763e+06 16.0000001388 357458 24975224832
677426 1.3693e+06 11.0000010097 362300 25042616320
674644 1.37338e+06 10 367641 25186002944
671584 1.36995e+06 10.000134017 372829 25195276288
667411 1.37134e+06 10.0005359893 377863 25213265920
663145 1.3706e+06 10.0000595744 382436 25488099328
658879 1.36902e+06 10 387355 25495058432
654614 1.37087e+06 10 392389 25843283968
650811 1.36809e+06 10.0000297998 397692 25900365824
646638 1.36874e+06 9 402419 25992714240
642929 1.36735e+06 8.0000447147 407414 26002077696
640889 1.36346e+06 8.00001491372 412679 26069274624
636623 1.36271e+06 8 417252 26073657344
632357 1.36327e+06 8 421748 26562289664
629668 1.3629e+06 8 426898 26577436672
630224 1.35863e+06 8 431778 26593288192
626051 1.35539e+06 8 437350 26929170432
622342 1.35149e+06 8.00001521727 443075 26988982272
619467 1.34917e+06 7.00000028976 447956 26996262912
615572 1.34927e+06 2 453259 27426105344
616221 1.35186e+06 2 458254 31694385152
616685 1.35613e+06 1 462789 31706793984
