594614 373134 1275.99977741 0 0
594799 375359 1174 4979.75029127 16694100
594614 378791 1107.00001381 9921.08832222 31112100
596932 380831 1068.00024872 14631.9528 52512300
598230 383613 1011.00014293 19381.2295365 154442704
599158 387786 981.999933363 24015.2694982 173323808
597489 391495 958.000042089 28841.3707551 218756704
595356 392794 940.000402434 33859.5333032 251351104
593965 395483 918.000000506 38608.81004 281061888
594057 397801 890.00000026 43742.2093682 321740096
595077 401882 887 48914.0209557 352252800
598138 404478 832.000125959 53932.1835035 460144800
598323 407353 826.000027883 58950.3460551 473372096
597767 410135 819.00002791 64237.3944198 508193984
598230 413566 814.000000133 69063.4956755 535102208
600827 415236 804 73812.7724131 543728704
600456 418110 786.000000671 78907.7594811 588886208
603053 420614 759.000000128 83695.4484773 597690880
603609 424231 753.000126075 88790.4355457 695611776
603609 427755 753.000002321 93847.0103559 709884032
604444 430630 710.000001295 98673.1116088 727120768
602311 433783 643.000000793 103460.800606 742024832
602033 437492 595.000070861 108402.138637 852444032
602404 440645 577 113458.713447 873528320
604722 443613 571.00000013 118630.525031 988264832
605557 447693 571 123571.863064 997482624
606948 451866 571 128628.437875 1243576832
609730 455668 571 133800.249462 1268565248
607318 458358 569 138511.113939 1406621696
606298 462160 569 143414.039713 1440512128
603887 464107 566 147971.255154 1473357568
602404 467909 566.000014197 152682.119631 1618938880
604165 471155 562.000028548 157661.869922 1709035264
603980 475050 561.000028452 162564.795696 1770668160
605093 479223 561.000000811 167659.782765 1780153216
604444 483396 559.000015041 172255.410465 1807296256
605557 487291 557.00002867 177158.336241 1917982848
604258 491371 557 182061.262014 2059109120
601940 495545 557.000000131 187271.48586 2183209216
599529 499068 557 192174.411633 2267830016
596283 501572 557.000000135 197000.512887 2330515712
595356 505745 557 201557.728331 2419324160
594799 509919 557 206652.715399 2496533504
593501 513072 557 211862.939244 2518962176
594521 515761 556 216919.514054 2608839936
596190 519934 556.000028799 221860.852086 7891457536
598138 522531 552.000028805 226418.067527 13490460672
601476 523365 548 231128.932005 13515602944
604165 519192 527 236415.98037 13565337600
606391 515297 519.000000401 241472.555178 13617590272
608895 518079 514.99997312 246567.542246 13657466880
612697 519470 503 251470.468017 13687007232
614088 516132 501 256565.455086 13934616576
615850 514184 483.000043137 261314.731823 14002461696
619467 513721 402.00001535 266448.13115 14020962304
618725 510475 254.999969561 271619.942737 14050680832
622156 507878 147.000129944 276791.754325 14242424832
625216 505096 85.0000430364 281809.916873 14299164672
627720 502221 69 286712.842647 14322647040
631244 502592 54 291462.119383 14357711872
635232 500181 54.000028635 296557.106451 14408296448
638385 496008 43 302036.216109 14440865792
642465 495823 39.0001144268 307015.966399 14596985856
646082 494524 27.0000429038 311803.655394 15051947008
650162 493875 22 316668.168907 15088688128
652666 490073 16 321724.743716 15214303232
654428 485900 14 326627.66949 15236918272
655634 481727 14 331300.121708 15257969664
659158 478018 7.00005814643 336740.819108 15522524160
663331 477647 2.00000067542 341144.385511 15541267456
667318 478203 0 346008.899025 15746367488
670100 475421 0.0000426694 350758.175762 15761182720
674273 474586 0 355276.978942 15918314496
