762928 962050 1086.50041305 0 0
764320 958294 963.000382266 5426.15145635 22987800
767473 955605 517.000061636 10629.7847982 68339696
770996 953565 501.000000308 15948.6549169 82433696
774335 955327 449.000000768 21229.1127766 148181408
778137 955512 286.999943454 26355.9216001 168901200
781012 957923 207.000091998 31329.0813875 335963712
784629 959778 197.000046469 36763.1882832 368784896
788245 959500 192.000338747 42082.0584018 388500288
792140 959314 185.000061956 47477.7530388 514058400
796035 958387 176 52566.1496033 727671616
798817 955048 110 57885.019722 755721920
801692 953286 45.0002152587 63127.0653226 764826304
804567 955698 19.0000006238 68100.2251102 1029647680
808091 957460 19.0000010932 72842.9113438 1050707712
807905 961262 15 77892.8956495 1072472384
812264 962096 11.0000460065 82750.8186599 1208034048
816622 963395 10.0000306732 87647.1539292 1315934080
814304 966733 8 93081.2608251 1354320000
815509 969515 8.0000001567 98284.8941666 1376586880
818848 970813 6 103296.466213 1451730560
822650 968124 2 108538.511813 7155442688
