582651 770134 1411.99995552 0 0
581445 774214 1286 4765.19 28139400
579220 777738 1253.00000141 9876.09 55071900
579405 781448 1200.00000028 14602.9 137222096
576809 784323 1135.00010591 19675.3 478434592
575418 786641 1122.00000014 24939.9 493532992
575881 790721 1113.00000475 30242.9 655541120
575047 793318 1099 35392.2 677160000
575510 796935 1087.00000109 40733.5 769775424
577272 799717 1069.00010652 45882.8 894871808
576159 802313 1042.00024249 50532.8 958043712
576067 805652 1026.00010695 55682.1 1066551296
574397 808248 999.000016664 60793 1081179904
571986 811123 935 65865.5 1123502336
570781 814647 873.000001448 70861.2 1249433088
571430 818727 843.999972381 75780 1271408384
570781 822159 804 80660.4 1310758144
567628 824292 770.000258214 85502.4 8413931520
565124 820953 755.000060911 90498.1 8638625792
560858 820675 748.000030385 95186.4 8670369792
557891 822715 746.000016269 100297 8770930688
553810 822715 738.000334169 105024 8794713088
551306 826424 704.000091201 110097 8815457280
547597 824570 683 115054 8860136448
543887 822715 667.000121519 120011 8883107840
539714 825033 663 125276 9451695104
535820 826053 652.000000142 130271 9957402624
532296 829577 645.000000266 135690 9988879360
531925 833843 628.000000841 140416 10137684992
535820 834492 618.000001989 145412 10185653248
534058 837924 611.000003855 150369 10240635904
533223 840891 603.000168069 155288 10281718784
535356 843024 601 160245 10307631104
533037 846826 591.000064024 165279 10692801536
529328 849794 565.999986122 170621 10795217920
527473 847290 546.000000829 175693 10821252096
523764 844786 527.000018143 180843 11021240320
520704 841355 525.000167352 186184 11072319488
520518 845435 519.000002289 190987 11082792960
516531 847383 508 196022 11416787968
513656 850443 482.000015227 201209 11463776256
512914 854709 477.000030613 205936 11567002624
509297 856471 473.000015234 210970 11594153984
506051 859067 447.000000277 216119 11633301504
501878 859438 353.000122103 221115 14955208704
497798 859345 308 226188 14999701504
493996 861386 281.000015668 231260 15058709504
490379 860829 263.000167733 236563 15380952064
486206 860829 248 241482 15822127104
482589 864539 232 247015 15912781824
478787 867784 198.000062217 252434 16050579456
475171 869639 178.000015259 257429 16135305216
471183 870566 164.000076266 262118 16285908992
466917 870752 157.000137349 266614 16336136192
463022 871123 136 271494 16357747712
459498 873070 73 276720 16393687040
455418 873998 66.0000152622 281678 16774937600
451801 875203 61.0000002665 286635 16778972160
449297 878727 56.0000002641 292015 16814076928
445866 881973 53.0000152717 297356 16825490432
442899 883920 50 302275 23739973632
440951 887444 48 307271 50228707328
436685 887444 44.0000152759 311690 50244177920
433347 884477 42 317031 50463657984
433440 880211 42 321336 50464165888
429452 880118 41 326600 50819223552
425464 881046 41.0000006731 331289 50836160512
425093 885219 41 335977 50864648192
423610 881602 41 340588 50876497920
420178 878356 41.0000029035 345853 50908549120
416747 875667 37.0002900256 350964 50940485632
412574 875852 29.0000152614 356036 50959814656
408679 878449 26.0000306717 361301 51679838208
408216 882437 23 366489 51736424448
405063 885219 21 371446 51763245056
400982 884384 21 376288 51778625536
397736 880489 21 381745 53349830656
396531 877336 20 386510 53372350464
395604 880489 19 391467 53404143616
392265 880767 17.000000376 396770 53420003328
388648 879098 15 402150 53433044992
385032 883086 14.0000005303 407798 54224072704
381415 886795 12 413332 54302666752
377149 888279 11 418212 54313521152
373718 886239 9.00000065288 422977 54826737664
370009 882808 5 428434 55354654720
365743 885219 5 433699 55370944512
361477 885219 3.0000458167 438272 55375593472
357211 884755 1.00004582306 442730 55725830144
353502 887259 0 448033 55764758528
