854551 1.62701e+06 133 0 3045600
856035 1.63053e+06 113.000000441 5056.57480341 11971800
857611 1.63378e+06 91.0000695626 10113.1496075 22979700
860857 1.63563e+06 63.0000417362 15054.4876369 31395600
864103 1.63777e+06 53.0000138988 19803.7643692 60976800
867627 1.6399e+06 48 24975.5759512 402132608
871429 1.64305e+06 47 30377.8610859 437343296
870872 1.64723e+06 41 35165.5500739 556648192
870965 1.6514e+06 36 39761.1777706 704254528
873284 1.65446e+06 31.0000001433 44894.5770921 769346112
875880 1.65604e+06 31 49682.2660824 783188992
877364 1.65974e+06 23.0000005659 54508.3673341 872175616
877828 1.66383e+06 18 59296.0563251 1125462656
881073 1.66549e+06 14 64467.8679064 1151074816
884041 1.66753e+06 8.00002765606 69601.2672284 1176865152
887843 1.66957e+06 7 75080.3768828 1277507712
889512 1.67375e+06 7 80098.5394276 1312783232
