769327 1.11492e+06 978 0 1854900
772666 1.11103e+06 969 5495.02053524 30933900
775819 1.10751e+06 964 10836.3920337 98010000
778786 1.10769e+06 960.000000319 15870.4654613 115497904
783052 1.10621e+06 960 20827.7143697 188762400
786483 1.10621e+06 936.000183937 25977.0245768 217930496
789544 1.10472e+06 861.000015325 31126.3347773 515143808
793253 1.10574e+06 859.000002024 36121.9959455 546579904
796035 1.10602e+06 837 40887.183561 611217920
796035 1.1037e+06 832.000061469 46190.1427975 724601728
798632 1.10222e+06 771.000137926 51147.3917062 783561600
802619 1.10222e+06 761.000016579 56296.7019093 860592576
805123 1.10278e+06 676.00050555 61215.5385579 900744320
806885 1.10055e+06 611.000168575 66057.5506879 935193600
810594 1.10194e+06 433 70976.3873386 959299200
814211 1.10407e+06 359.000444611 76010.4607646 1003006784
817828 1.10389e+06 199.000092267 81236.5954854 1102134656
821537 1.10602e+06 189.000015321 86462.730207 1276333184
824319 1.10463e+06 180.000045993 91458.3913737 1292986752
827380 1.10491e+06 180.000000158 96415.6402833 1335852032
828585 1.10185e+06 155.000199315 101142.415638 1376214272
832016 1.10213e+06 132.000092151 106330.1381 1564336768
834427 1.10435e+06 121.000001082 111364.211527 1633948160
838137 1.10602e+06 110.00000176 116321.460434 1695913216
837395 1.10982e+06 100.0000031 121009.823528 1717953280
840919 1.10927e+06 85.0000029039 126043.896954 1745063936
843145 1.11066e+06 79.0000146767 131270.031674 1766431744
845185 1.10982e+06 69.9999851425 136188.868323 1799520256
848709 1.11131e+06 53.0000612755 141069.292713 1815420544
851305 1.11344e+06 43.0000154851 146141.778398 1831766400
854922 1.11594e+06 22.0000156358 151406.325379 2253662976
859188 1.11502e+06 20 156363.574287 2277914368
861599 1.1139e+06 11 161320.823196 2295086336
865772 1.11455e+06 1.00006125855 166431.72114 2440343808
