410070 705127 530.000001316 0 32400
407010 706889 462.00000013 4902.92577303 12765600
402930 707167 408.999985304 9844.26380362 26705700
400240 710042 367.00000037 14747.1895765 39139200
400055 714215 352.000000381 19688.5276093 117871200
398293 717924 333.999970275 24629.8656407 142803008
394491 719686 305.000000248 29763.2649661 155155504
393656 723581 290.000014994 34627.7784798 311671808
392822 727661 280.000045034 39338.6429589 368525696
391523 731556 264.000090445 44241.5687308 391878016
388648 734431 254.000000132 49298.143539 852120000
389669 738419 239 54124.2447943 884860224
387443 742592 233.000015294 59219.2318616 1162536320
385032 744539 222.000030083 63853.2718196 1193073280
381786 747043 210.000000122 68909.8466269 1216036864
378818 749176 191.000120521 73697.5356208 1292330752
375109 751587 180.000060251 78677.2859108 1297992576
371492 753998 167.999985446 83618.6239419 2086924544
367412 755760 159.000030276 88559.9619731 2481888512
363610 757058 153.000060946 93424.4754856 2550406400
359530 758820 135.000000122 98365.8135175 2572073984
356840 762344 124 103383.976067 2757888000
354244 765683 112 108286.901838 2771722752
350071 767074 103.000000128 113113.003091 2872940288
346083 769856 93 118361.639194 2996530176
343023 773658 79.999984902 123648.687557 3015176448
340704 777275 69.9999848938 128628.437846 3024191744
337737 780984 56.0000001295 133838.661691 3039152384
335882 785157 48 138779.999723 3048232448
333100 789238 39 144067.048085 3194024448
329020 791463 27 149123.622892 3278904320
325774 794245 20 154064.960923 3295614720
321879 796564 11 159083.123471 3303147520
317891 798326 4 163909.224724 3315321856
