450410 735266 706.000016071 0 8100
446608 734616 552.000031628 4880.42439057 14434200
444104 737862 480.000273004 10068.1468559 53168400
440024 740366 427.000030063 15447.9306135 102019504
438911 743983 408.000046313 20597.2408224 175915808
435851 745930 383.000030354 25400.8406964 296945984
436222 750010 364.000000269 30434.9141247 324631808
432976 753163 350.000105447 35661.0488478 441417600
429916 756316 339.000001487 40887.1835699 487077312
427226 758913 321.000031163 45882.8447375 509036416
423795 761510 302 51108.9794614 541873792
420642 764292 283.000000381 56450.3509615 610885824
419808 767908 268.0000459 61484.4243896 899075712
416469 768094 254.999939988 66364.8487801 940264192
413687 771247 233 71783.0447951 1003079680
410905 774122 222 76855.5304823 1036548928
406639 774493 206.000000128 81659.1303532 1063862080
405434 777831 195 86270.6689307 1744885760
404877 782004 184.000120944 91035.856546 1765443584
405804 786085 175 95762.6319004 1805967872
402744 788588 166 100566.231774 1882520960
402281 792391 163 105446.656167 1918250112
402837 794987 143 110557.554112 2526811136
400333 798882 141 115706.864317 2533412608
397551 802499 141 120932.999039 4041502976
394676 801108 139.000000398 125813.42343 4062708992
392729 802870 124 130770.672339 4070112256
390967 800551 115.000001274 136188.868358 4121012736
388185 796564 108.00004543 141491.827599 4211578880
386237 798511 106.00006059 146602.725543 4227066112
387257 801479 93.0004094673 151905.684784 4245355776
383270 801386 84.0001516996 157323.880803 4255091968
381044 805188 76.999984838 162319.541972 4332973568
377427 807321 71 167199.966364 4408594944
373162 807321 65.0000151625 171542.619129 4412750336
368896 807506 55.0000001237 175962.096412 4459681792
364815 809639 47 181034.582099 4497565696
360550 810845 39.0000001304 185953.41875 5122601984
356284 811216 33 190372.896033 5171517952
352203 812421 30 195675.855273 5325482496
348865 811772 25 200825.165479 5669627392
345712 812607 19.0000006513 206051.300201 5691529728
342559 814554 15.0000001251 210893.312333 5706693120
338293 813534 11.000030357 215581.675428 5710313472
334027 814183 6.00003034524 220193.214007 5720665600
329761 814740 3 225227.287431 5732021760
