394305 577801 797.000043514 0 48600
396067 574926 723.000014712 4595.62770064 16005600
393842 571031 662.000000383 9575.37799239 98212496
391430 567044 628.000029339 14670.3650613 331881312
389019 563705 608.000000243 19573.2908338 355104000
387536 560088 589.000014535 24284.1553106 468479712
383919 557955 569.000000126 29417.5546365 732499200
380488 555544 549.000014634 34512.5417025 752028288
376407 555173 534 39184.9939193 970671616
372883 552855 514.000000124 44126.3319492 994234496
369267 550444 498 49067.6699813 1555629312
367876 546734 486.000000485 54009.0080146 1599822848
366114 543025 472 58950.3460463 1651095936
362497 542098 450 63891.6840766 1774288768
358417 541356 429.000028934 68640.9608135 1803464960
354522 540058 410 73620.7111019 1943846144
350627 539779 402.000072319 78715.6981702 2020480256
346732 539223 378 83618.6239415 2061231360
344043 536534 358 88598.374232 2075762688
341261 533659 340.000029246 93462.8877455 2139339648
338293 532175 329.000000497 98365.8135172 3599534592
335604 530320 315.000043739 103460.800586 3612016896
333285 528651 301.000043987 108325.314099 3686188544
329483 527075 287.000072081 112997.766317 4019333376
325774 528651 275.000115818 117862.279831 4085931520
322435 525313 262.000029042 123072.503677 4330592256
319468 523551 248.000014394 128090.666227 4375870976
317335 519748 227.000014383 133300.890071 4930259456
314182 516688 208.000028738 138319.052621 5001272320
313347 514184 187.000000575 143375.62743 5348608000
309823 512979 167.000000818 148393.789981 5379744768
306578 511124 149.000014832 153027.829939 5404344320
303425 507878 125 158122.817007 5574816768
301013 504447 120.000472851 162987.330521 5658651648
297490 501387 94.0000286304 168159.142107 5760144896
295171 497863 80.0000859347 173023.655621 5819687936
291833 495081 72.0000715692 178003.405912 5939268096
287752 492762 65.0001713377 183328.866535 5988985856
283857 490908 51.0000143843 188154.967789 6025849344
281354 487755 43.0000004369 192942.656785 6371055104
277830 485622 33 197730.345781 6493275648
273657 485344 25 202249.148964 6561777664
269483 484602 18 206883.188922 6598292480
265589 485529 13 211632.465656 6603784192
262436 483582 5 216573.803689 7247872000
