556221 350692 468.000137166 0 8100
552976 347539 381 5280.46 13316400
549915 344386 339.000027303 10484.1 55120500
550564 340213 290.000027259 15726.1 78254096
550101 335854 259.000000638 20814.5 187960496
548710 332516 236.000027185 25864.5 253084496
548432 329270 211.000081975 31106.6 291041088
547504 326117 185.000067791 36348.6 301692608
548153 323891 162.000000631 41244.9 308124000
546391 321573 136.000027081 46026 368080192
548153 318698 108.000067607 51421.7 379217696
546577 316751 88.0000676857 56356.5 386054112
547319 313041 69.0000012527 61214.4 446690688
545279 309517 51.0000134722 66302.8 1068422400
544073 306086 45 71237.6 1146579328
542867 302006 36.0000001226 76287.5 1179505792
540549 298575 28 81375.9 1191356160
538323 295607 21.0000134063 86310.7 1214692224
539158 291619 12.0000402582 91629.6 13496130560
539993 287446 9 96333.8 13540397056
542218 283737 7 101653 13603124224
543609 280306 4.00003999594 106818 13661330432
545371 276225 0 112098 13684917248
