810687 1.29817e+06 828.000001263 0 2843100
810687 1.29418e+06 789 4842.0121295 7735500
814118 1.29298e+06 778.000030299 10106.5591094 18459900
815788 1.28908e+06 775 15217.4570536 35372700
816808 1.28509e+06 769 20328.3549963 76067104
819497 1.28203e+06 757.000166069 25208.7793869 134970304
823763 1.28046e+06 755.000015092 30127.6160357 181909792
827843 1.28018e+06 751.000015093 35200.101721 321675296
832109 1.28018e+06 737.000060216 40234.1751497 402545696
835911 1.28296e+06 728 45537.1343894 449671488
839806 1.28315e+06 702.000301906 50801.6813693 523089888
843516 1.28407e+06 685.00001631 55835.7547969 560422784
846390 1.28713e+06 664 60946.6527402 585160192
850285 1.28658e+06 642.000002237 65980.7261674 1132477184
853624 1.28491e+06 625 70861.1505581 1159061376
856499 1.28305e+06 588 75933.6362438 1260068352
859281 1.28213e+06 581 80660.4115981 1356069632
861877 1.28138e+06 540.000001134 85848.1340594 1370908800
865958 1.28092e+06 462.000001605 90843.7952266 1419589760
868183 1.27934e+06 452.000075683 95762.6318748 1440406784
865772 1.27647e+06 447.000226574 101065.591115 1448693120
865958 1.27359e+06 424.000000964 106138.076801 1606440576
869296 1.271e+06 341.000015116 111633.097335 1695791744
869667 1.26831e+06 332.000015436 116551.933985 1731504640
869574 1.26478e+06 247.000302448 121701.244188 1748457856
873655 1.26358e+06 213.000151315 126696.905354 1864846848
877271 1.26488e+06 170 131538.917487 1916638208
881537 1.26451e+06 149.000030719 136342.51736 1935503104
883763 1.26831e+06 126.999999682 141491.827561 2098969216
885525 1.27202e+06 121 146487.488727 2154073600
887008 1.27628e+06 98.0000004699 151598.386671 2309488128
887843 1.27953e+06 53.0000006279 156555.635579 2323930624
890718 1.28129e+06 19 161128.761895 2336201984
892387 1.285e+06 11 166009.186286 2356184576
