756159 1.03489e+06 1173.0001338 0 16200
755602 1.03823e+06 1097.00000124 4803.59987298 13729500
753655 1.0425e+06 1077.00000077 9952.9100771 45513900
752542 1.04658e+06 1054.00000215 14910.1589869 76998600
754861 1.04899e+06 1044.00004605 19982.6446729 146026800
758663 1.05122e+06 1040.0000307 25285.6039136 249739200
761445 1.05418e+06 1040 30166.0283041 286529408
761167 1.05771e+06 1040 34777.5668796 668169024
759405 1.06049e+06 1032.00000077 39542.7544931 693368128
758663 1.06475e+06 1015.99995743 44346.3543662 701662528
756344 1.06781e+06 976 49380.4277915 732029376
752913 1.06911e+06 964.000000157 54376.0889585 771281984
752264 1.07329e+06 926.000076993 59026.0397924 784582208
752078 1.07746e+06 886.000001099 63944.8764406 796400128
750131 1.0807e+06 848.000199808 68748.4763144 859661120
749111 1.08404e+06 810 73744.1374828 875715328
747905 1.08812e+06 790 78662.9741345 891145792
746514 1.0922e+06 775 83735.45982 911760320
745031 1.09582e+06 768 88731.1209874 915121792
745031 1.10009e+06 768 92996.949233 915494400
745031 1.10435e+06 768 97262.7774795 915867008
745031 1.10862e+06 768 101528.605725 916239616
745772 1.11288e+06 768 106101.732044 2909479424
750038 1.11715e+06 768 112134.524204 3030777088
754304 1.12142e+06 768 118167.316365 3814873088
758570 1.12568e+06 768 124200.108525 4170414592
762836 1.12995e+06 768 130232.900685 4364766208
767102 1.13421e+06 768 136265.692846 4563215872
771367 1.13848e+06 768 142298.485006 4819815936
775633 1.1421e+06 768 148062.391353 4927740416
779899 1.14349e+06 768 152904.403485 5525828096
784165 1.14414e+06 768 157439.117545 5545130496
788431 1.14293e+06 759.000030438 162357.954195 7511770112
791769 1.14376e+06 716.000000906 167276.790843 7577598464
795015 1.14683e+06 712.000015611 172464.513306 7832343552
797426 1.14618e+06 710 177460.174473 7842282496
801228 1.14775e+06 573.000168244 182724.721453 7886054912
804659 1.14951e+06 515.000000451 187835.619397 7917077504
807534 1.1522e+06 493.000018241 192869.692826 7969662976
811336 1.15424e+06 474.000015284 197942.178512 7986705408
815139 1.15424e+06 311.000243338 203245.137751 8009944064
819033 1.15443e+06 209.000000615 208202.386659 8400688128
819126 1.15081e+06 182.000031216 213082.811048 8413672448
820610 1.14989e+06 169.000002102 218347.358025 8464596992
823763 1.14887e+06 151.000076471 223343.019193 9265079296
828029 1.14859e+06 129.00007647 228185.031325 9357792256
831089 1.14599e+06 122.000091752 233103.867974 9409996800
834427 1.14608e+06 92 238176.353661 9438006272
838044 1.14432e+06 70.000000312 243287.251607 9676503040
840177 1.14664e+06 70 248090.851477 9842374656
842310 1.14905e+06 68.0000152902 253086.512644 9852985344
843516 1.15332e+06 67.000015446 257851.700256 9907337216
845834 1.15758e+06 64 263231.484013 9942603776
846390 1.16185e+06 62.0000152828 267881.434848 9970622464
848801 1.16444e+06 56 273222.806347 12353115136
851676 1.16194e+06 38.0003360634 278103.23074 12391485440
853995 1.16509e+06 13.000000313 283022.067387 12419422208
858168 1.16574e+06 6.00000015854 287979.316297 12461542400
860857 1.16398e+06 2.00010694718 292859.740686 12525014016
865123 1.16565e+06 2.00007703112 297893.814113 12567936000
