780131 1.04672e+06 992.000031007 0 2073600
779806 1.0425e+06 974.000000309 4869.17370038 19399500
780734 1.03851e+06 940 9919.15800567 46526400
782496 1.03489e+06 905.000001701 15084.379088 61001100
784721 1.0323e+06 648.000414462 20172.7756522 70826400
787040 1.02979e+06 383.000015351 25261.1722166 213435008
789451 1.02849e+06 287.000312138 30426.393299 450927008
789451 1.0246e+06 231.000063729 35745.2634173 467410496
791676 1.02089e+06 188.000001708 40987.3090176 498830400
791584 1.01653e+06 167.000003571 45845.232028 1003136384
791676 1.01227e+06 164.000004969 50741.5672974 1021061696
791027 1.00791e+06 138.000002639 55676.3148258 1066867200
792233 1.00411e+06 111.000046047 60841.5359083 1292039040
795108 1.00197e+06 61 66083.5815087 1317432576
798446 1.00021e+06 37.0001998421 71287.2148501 1359042304
802341 999376 26.0001227865 76337.1991554 1384346752
806514 998727 24 81271.9466836 1445647488
810316 1.00003e+06 19.0000306974 86321.9309889 1748749440
813933 1.0003e+06 16.0000462024 91487.1520714 1802898048
813840 995945 12.0000006267 96268.2505638 1922753664
813840 991586 11 100934.112279 4413916672
814953 987228 10 105753.623031 4439464448
818570 984446 8.00000000002 111034.08089 5614450176
822836 981849 7 116429.775527 5619172352
821259 977583 6 121710.233387 5640192000
820332 973225 4 126529.744138 5667982848
820610 969051 2.00001533903 131003.544559 7146062848
823948 965806 2 136284.002418 7180666368
