637272 732205 1344.00000403 0 2106000
639498 730351 1237.00003193 4957.24890995 9695700
640796 726177 1215 9876.0855624 32643000
641909 722468 1187.00000014 14756.5099533 60539400
639961 718944 1183.00000042 19752.171123 71231400
642094 714864 1183 24824.6568098 284504384
644598 713936 1169.00000014 29973.9670145 352058400
646731 710412 1131 34969.628184 362013312
649977 707909 934.000493745 40003.7016121 476952288
653686 708187 614.000029927 44922.5382629 529432192
657767 705776 609.00001496 50263.9097623 601173888
661661 705497 591.000045725 55336.3954474 701200768
662960 701232 572.000000149 60293.6443557 720381568
666576 697986 522.000014939 65635.0158554 735382784
668617 694369 477.000000866 70784.326061 762728384
671955 693906 377.00000073 75933.6362657 897747328
673439 691031 349.000001394 80775.6483976 923335168
674181 686950 279.000000881 85502.4237539 942467392
674737 682870 275.000000441 90152.3745932 968946304
674459 678604 274.000000587 94687.0886527 1018672192
673810 674338 267.00000157 99452.2762704 1038841216
675850 672113 259 104716.823253 1067239808
678261 672576 235.000014882 109712.484421 1083561344
681878 674988 223 114938.619145 1125251968
685494 677491 163 120203.166127 1145477760
689111 677770 102.000327665 124929.941481 1277572480
692913 677306 91.0000446859 129887.19039 1356636544
694861 679810 67.0000304058 134690.790266 1390389248
698385 681108 59.0000001479 139801.688211 1463273088
701074 678604 51 144835.761638 1495826944
704227 679439 46.0000001507 149908.247326 1527238784
708400 678882 43.0000297942 154980.733013 1619611136
711368 676657 40 160322.104514 1699104640
713779 675080 36.0000604468 165471.414719 1722440704
717766 672298 20.0000300489 170774.37396 1762317056
721754 670629 16 175846.859648 1787783424
721754 667105 13 180957.757592 1801974656
725000 665158 8.00000058512 186222.304573 2026449920
727225 664694 6.00000014737 191294.790258 2060988288
731120 663488 -0.99997013423 196136.80239 2101156224
