708215 1.23001e+06 1185.00000074 0 3110400
705247 1.23288e+06 1076 4995.66 15770700
702094 1.23567e+06 1026.00000029 10029.7 50746500
699127 1.23798e+06 973.000035356 15102.2 95652896
695788 1.23873e+06 958.000228043 19982.6 121176000
693006 1.24095e+06 650.000000576 25247.2 141474592
689575 1.24225e+06 582.999970413 30089.2 157269600
687164 1.24485e+06 457.000197635 35123.3 171776704
683454 1.24726e+06 369.000031345 40234.2 199000800
681321 1.24939e+06 335.999970138 45268.2 356586304
681229 1.2531e+06 314.000000435 50187.1 376844416
682341 1.25718e+06 220.999974661 55067.5 395976608
681785 1.26145e+06 180.000216773 59794.3 411447616
677705 1.26404e+06 170 65058.8 449865888
673717 1.26599e+06 142 70169.7 469241088
670379 1.26655e+06 131.000015127 75357.5 509943616
670935 1.27053e+06 104.000092257 80276.3 520165792
667875 1.27313e+06 86.0000151138 85348.8 525600896
664536 1.2735e+06 79 90229.2 533125792
660549 1.27452e+06 72.0000151119 95340.1 650940288
656468 1.27295e+06 68.0000001432 100413 836511296
653686 1.27146e+06 65 105447 934059584
650719 1.27378e+06 63.0000151166 110365 952179328
648215 1.2773e+06 62.0000152505 115745 1056434432
643949 1.27684e+06 59 120587 1068956992
642187 1.28074e+06 59 125429 1089798272
642187 1.285e+06 59 129695 1090430080
639869 1.28927e+06 59.0000152175 134921 1806121856
636623 1.2888e+06 58.0000150833 140263 1870160384
635603 1.29298e+06 55 145450 1927508352
635417 1.29548e+06 52 150600 1934579712
633099 1.29928e+06 52 155634 1981527296
630781 1.3029e+06 48 160975 2013660032
630224 1.30716e+06 48 165779 2400491776
634490 1.30605e+06 45.0000760743 171043 2467089920
634119 1.31032e+06 45.0000004159 176308 2518241280
633377 1.31458e+06 37.0000004253 181342 2535364864
632357 1.31876e+06 23 186376 2556764928
629575 1.32265e+06 23 191641 2583608320
627257 1.32673e+06 22.0000001385 196790 3029464832
626607 1.33063e+06 17.0000149919 201862 3039508736
623547 1.33359e+06 11.0000001437 207088 3052501248
619467 1.33424e+06 8 212315 3079579392
616499 1.33712e+06 7 217464 3087728128
613995 1.33971e+06 6 222536 4135090432
612883 1.34324e+06 3.00000014536 227417 4201081088
614645 1.34621e+06 2 232720 4213725184
615850 1.3488e+06 2.00006036804 237715 4245574400
615943 1.35158e+06 2 242788 31692998656
616685 1.35585e+06 1 247438 31706744832
