614552 430630 708.999958394 0 0
614645 426642 666.000028445 4979.75029127 42727500
616407 422469 386.000002701 9959.50058319 59211000
619560 419316 38.0000983087 15092.8999101 343942208
622527 415792 28.000000254 20379.9482742 359939712
626144 413103 26 25666.9966377 435699008
629204 410321 23 30915.632742 457447488
633284 406704 22 36548.3914361 549099008
636530 406240 16.0000557506 41528.1417263 605588416
640703 406982 12.0000838815 46469.479758 908350208
644320 404571 9.00001510013 51410.8177892 932893184
647195 402345 1.00009743394 56275.3313039 992541568
649420 398636 0.0000280874 61178.2570766 1115386240
