430287 1.13774e+06 432.999984567 0 0
429916 1.14145e+06 409.000000274 4979.75 35899200
432141 1.14516e+06 401 10036.3 134605792
431678 1.14933e+06 384.000260408 15016.1 180954000
432420 1.1522e+06 366.000015296 20034.2 215978400
432512 1.15601e+06 356.000030712 24937.2 238067104
433811 1.15916e+06 351.000062024 29840.1 375556512
432605 1.16129e+06 335 34743 434492096
431863 1.16547e+06 320.999969579 39838 484865984
429452 1.16871e+06 314.000137514 44933 517606208
428246 1.17186e+06 306.000015814 49874.3 538779584
427690 1.17594e+06 301 54854.1 576987328
429823 1.179e+06 297 59680.2 625692608
429359 1.18095e+06 296.00003052 64506.3 632423680
428432 1.18197e+06 286.000000397 69370.8 656002816
426577 1.18596e+06 271.000000405 74312.1 681452992
427690 1.18865e+06 260.00001525 79560.8 700010112
425557 1.19245e+06 255.000015244 84847.8 2038907648
422404 1.19635e+06 249.000000398 90211.7 2091128448
418695 1.19727e+06 247.000106705 95498.7 2108810752
415356 1.19848e+06 242.000030471 100056 2155086080
412574 1.20006e+06 242.000152411 104997 2234951936
408494 1.19857e+06 242.000091435 109747 3217344256
406639 1.20274e+06 229.000000128 114688 3245475584
402744 1.20506e+06 221.000015858 119783 3273550080
402651 1.20914e+06 195.000000134 124417 3300353024
400148 1.21239e+06 180.000001587 129474 3320919040
402651 1.21526e+06 150.000015346 134530 3340180736
404321 1.21934e+06 115.000000671 139433 3364480768
402651 1.22278e+06 77.0000912259 144374 3386310400
403672 1.22695e+06 44.9999699907 149047 3407742976
400240 1.22982e+06 34.000060759 154334 4277059072
396438 1.23066e+06 31 159006 4291485184
392265 1.23159e+06 29 163564 4337226240
388092 1.23075e+06 28.0000911516 168082 4363162112
386145 1.23418e+06 26 172755 4701871616
381971 1.23557e+06 23 177811 4741010944
377984 1.23845e+06 22 183098 4775395328
375944 1.24262e+06 20 188117 4793069568
371771 1.24336e+06 17 192751 4929125376
371585 1.24104e+06 17 197538 4937128448
367968 1.23891e+06 17 202364 4961031168
365465 1.23557e+06 11.0000001292 207459 4992912896
362961 1.23196e+06 11.0000457114 212439 5487377408
358788 1.23057e+06 8 217419 5532688896
354615 1.23029e+06 8 221784 7765340160
351647 1.23223e+06 7 227033 7880570880
351554 1.23641e+06 6 231628 7904870912
348401 1.23873e+06 0 236416 8144355840
