407937 744354 343.999985079 0 0
405712 747507 319.000045172 4826.10125262 9760500
401910 749176 294.000015175 9921.08831917 14531400
397736 750752 280 14900.8386087 71571600
397273 754925 261 19419.6417906 124164896
393563 757337 252 24553.0411166 198417600
389761 758264 239 29571.2036648 234397792
386330 760490 226.999985054 34743.0152491 254412896
382806 763272 210.00000039 39799.5900573 277773312
382342 766703 202.99998503 44702.5158307 292701600
379653 767816 192.000015095 49567.0293439 309744000
375944 769670 181.00000026 54469.9551149 367156800
372234 770690 173 59334.4686287 443645088
368432 772267 155 64467.8679556 474392704
366206 775513 146.000015487 69486.0305038 509408992
363332 777831 133.000045586 74619.4298283 522919808
360550 780428 123.000106082 79599.1801188 534065408
356562 780984 108.000075844 84617.3426696 600412480
353687 783210 98.0000302468 89558.6806997 612586816
349885 784879 88.0000002423 94576.8432485 641657728
346454 785621 80.0000001267 99671.8303124 652511680
343764 789423 68.000000258 104882.054156 676601088
341446 792854 58 109938.628965 682676096
340333 796378 48.0000001238 114995.203773 701152192
339313 800180 41 119821.305027 712152000
337180 803704 29.0000304395 125146.765646 717781504
334676 807228 16.0000154151 130395.401751 726003008
331987 809639 6.00001541026 135259.915266 811028672
329020 811030 3 140201.253296 898379072
