623269 762901 1717.99997184 0 0
619838 762066 1472.00013636 4880.42 13875300
617427 758357 1271.00000199 10068.1 46599300
614552 755760 1252.00004674 15217.5 121200304
611121 756687 1200.00000014 20213.1 151680608
608617 756409 1187.0001055 25170.4 208526400
607875 754276 1171.00013621 30319.7 254121296
607226 752607 1150.00001521 35545.8 279109792
606391 750010 1105.0000619 40695.1 291373184
603980 748898 1080 45882.8 387908992
602960 746394 1053 50840.1 411066912
601754 743334 1046 55797.3 452660416
598138 741942 1033 61061.9 494610304
599158 738233 1013.00000122 66134.4 510340512
595541 738882 972.000000725 71091.6 1527595264
592945 738789 955.000075726 76394.6 1574469888
589421 737677 912.000000284 81582.3 4484427264
587566 741386 823.999986837 86385.9 4515158528
584042 742313 805.000045933 91496.8 5180986880
580518 739995 786.000226016 96646.1 5249140224
576252 741108 772.000150431 101603 5303086080
572172 738975 760.00004539 106829 5464275968
568184 736286 753 112094 5557952512
563918 735729 737.000030051 116974 5644849664
561229 733967 729 122085 5668971520
559189 731371 726 126812 5725120512
555387 733225 717.000075091 132115 6016744960
551863 735451 707.000030049 137226 6357430784
547690 735544 700 142183 6424409600
543980 739068 666.000075581 147755 6461369856
540549 739531 647.000000132 152789 6474832384
537952 742221 640.000135409 157785 6880277504
534521 744539 627 162819 7150874624
530348 745559 607.00003037 167930 7978110976
527381 742313 602 173156 8081556480
524969 739531 586.000045363 178344 8196535808
521075 739253 581 183339 8230466560
516809 740737 581.000045251 188450 8353894400
513099 739531 572.000030195 193369 8444314624
509204 739531 555 198557 8515359744
505866 742684 541.000046163 203744 8535553024
502527 743148 522.000060158 208740 9684838400
498911 742406 518.000001094 213736 10239217664
496036 740922 464.000048 218731 10302301184
493254 738048 439.000015034 223650 10373378048
489174 736564 430.000360624 228761 10886440960
485001 736007 407.000015414 233834 10984507392
481569 734802 385.000000676 238791 11024844800
479344 730814 345.000150147 243863 11050133504
477860 727383 344.000000389 248629 11127625728
478973 723117 341 253355 11611049984
479436 718851 337 258274 11643409408
479158 714586 333.000030093 263039 11970569216
477489 711154 333.000014975 267805 12068125696
473223 709021 333 272954 12175474688
469143 708094 327.000000396 277758 12232700928
468030 707352 322 282792 12330491904
465712 703457 311.000046517 287941 12347453440
461909 702715 289.000001413 292706 12376605696
461909 698450 284.000005263 297279 12404874240
459962 694462 242.000343315 302621 12421941248
459406 690567 222.000417656 307578 19688556544
455511 688249 203.000283403 312650 19823267840
451245 690196 198 317723 19829075968
449947 686765 194 322258 20491978752
447628 682499 193 327484 20534714368
444382 679161 187.00000026 332863 20956385280
442899 675080 185 337821 30223091712
440858 672113 180 342855 30279946240
436964 669052 175 348235 33241257984
434831 665899 168 353077 33266771968
430750 663674 167.000207864 358187 33532379136
426484 662654 165 362876 33559377920
422219 661263 161 367718 33719345152
417953 661819 158 372368 33963874304
413780 664045 155 377594 38624292864
409514 663859 149 381937 38625067008
405248 663303 146 386433 38794989568
400982 663396 143 390814 38921732096
396716 661077 141 396040 39015432192
392451 659779 141.000118675 400844 40432250880
388185 657831 140 405916 40699285504
383919 657553 132.000074136 410374 40753983488
379653 657368 128 414717 40830619648
375387 657090 125.000014957 419175 41633230848
371121 655791 123 423978 42137358336
366856 655884 120 428282 42182361088
362590 655977 118 432663 42248216576
358880 652638 113 438082 42811531264
354615 650598 109.000015057 443193 42887581696
350534 649949 105 447727 43145158656
346268 648002 104.000074016 452800 43198296064
342003 646332 102.000044393 457757 43429744640
337737 645683 96 462292 43636944896
333564 645498 96.0000021225 467057 46646394880
330782 645869 92 472091 46701764608
327072 647445 89 477701 46842064896
324846 643921 84.0000591701 482582 46855925760
322621 647909 82 487654 46879793152
318448 650042 82 492765 46941413376
314182 649300 76 497492 46978752512
309916 646981 71 502718 46989541376
305743 645498 66 507637 48068349952
305558 641232 63 511979 48089522176
301292 639934 59.0000295515 516783 49473019904
297026 638821 56 521510 49548697600
292760 640675 51 526544 49740488704
288494 641974 47 531348 49918349312
286639 646147 44 536343 49956491264
285805 650413 40 540955 49975169024
282466 654400 36.0000001142 546488 50096553984
278479 658481 31 552329 50166153216
275326 662097 29 557632 50193948672
273564 665714 22 562359 50200342528
271802 669980 20.0000599085 567354 50208043008
270318 674246 17 572312 50220122112
267814 678233 13.0000750194 577499 50452946944
264568 682128 11 582956 51232198656
260303 685003 8 588412 51260284928
256500 688898 4 594100 51313483776
252420 689825 2.00007456629 599210 51358089216
248154 690103 0 603592 51359080448
