308618 566765 690.999927035 0 16200
309452 570938 601.999985781 4880.42 24032700
308989 574926 542.000102188 9684.02 54909900
309452 578914 499.999985525 14641.3 73742400
311864 582809 472.000000247 19829 123338704
313255 586796 457.00005849 25016.7 243972000
313996 590877 437.000072925 30281.3 287185504
316778 594308 420.999970845 35353.8 303668992
315017 595884 397 40311 313842592
312513 597924 367.000000584 45306.7 330131712
311493 601819 331.000103378 50456 455349600
313625 604694 303.000043333 55643.7 467694016
315109 607291 261.000001952 60677.8 547308928
316129 611464 235.999926756 65942.3 565501504
314738 614153 214.000000829 70976.4 583410624
311956 616193 185.000014713 75856.8 620468096
315109 619346 165 81121.4 825462912
314646 623427 147.000000115 86117 877578304
313996 627600 131.99998538 90690.1 1026642624
314182 631680 116 95493.7 1162220416
313996 635946 101 100144 1225368064
311400 639192 85 105370 1328157056
307783 641232 71.0000295743 110212 1350853248
303517 640026 60.0000149001 115131 1358831744
299252 639284 58.000325167 119704 49545101312
294986 639284 55 124354 49614639104
290720 640954 49 129311 49749966848
286732 643921 45 134691 49948139520
285990 648187 42.0000300886 139264 49974652928
284599 652453 39 144106 50094977024
280426 656348 34 149947 50097455104
277180 660335 30.000059825 155442 50185461760
273842 663488 26 160629 50199879680
273378 667754 20 165087 50202398720
271060 672020 19 170313 50208821248
268463 676008 14.0000005744 175616 50449625088
266794 680273 13 180574 51230687232
262528 683890 9 186338 51232985088
258355 686672 4 191717 51281797120
254646 690474 3.00005967328 197328 51350282240
250380 690103 1 201978 51358883840
246114 690103 0 206243 51359272960
