761352 1.1931e+06 932.000014937 0 8100
764320 1.19533e+06 914.000030482 5088.39656461 9412200
768585 1.19273e+06 913.000153491 10484.0912016 22501800
772944 1.19264e+06 913 14881.0671034 23579100
777302 1.19291e+06 913.000000308 19354.8675231 282487488
781661 1.19245e+06 912.000000458 24212.7905328 451607392
786020 1.19217e+06 908.000078165 29224.3625799 469565088
789080 1.19078e+06 878.000060963 34389.5836611 639057600
792604 1.19171e+06 793 39631.6292603 659137472
796313 1.19069e+06 774 44681.6135642 1193632256
799281 1.18819e+06 774.000015404 49808.4223862 1272550528
802897 1.18587e+06 774 54819.9944326 1338484480
806792 1.1842e+06 765.000015882 60062.0400334 1446951552
810594 1.18522e+06 671 65150.4365988 1457586944
813655 1.1841e+06 671.000002525 70200.420902 1597765504
815139 1.17975e+06 671 75404.0542418 1712696448
817271 1.17687e+06 641 80646.0998441 1736040576
819868 1.17947e+06 502 85888.1454446 1786738560
822928 1.18002e+06 462 91091.7787873 1828283392
826081 1.1765e+06 442.000001926 96487.4734239 1857621632
829513 1.17483e+06 425.00000031 101614.282245 1877839232
832851 1.17381e+06 374.000427385 106894.740105 1885380352
836839 1.17539e+06 360.00003571 112059.961188 1935284352
838972 1.17196e+06 174 116917.884197 2138302848
842032 1.17084e+06 153.000000323 122121.517537 2174218240
844443 1.16917e+06 115.000106896 127440.387654 2250738944
847132 1.16639e+06 68.0000003133 132490.371958 2293830912
848060 1.1637e+06 58.0000305563 137847.654335 12351155200
850934 1.16203e+06 40.0003055744 143051.287677 12390772736
853438 1.16491e+06 13.0000028118 147986.035205 12407912448
857611 1.16556e+06 6 153074.43177 12433734656
860393 1.16398e+06 2.00000015967 158047.591556 12521295872
864752 1.16528e+06 2.00000015822 163097.57586 12539893760
