659992 800088 1362.00028844 0 0
658694 796100 1257.00000145 5049.98430628 31671000
660827 792669 1171.0000037 10368.8544258 57169800
664443 789887 687.000015277 15572.4877679 119888096
665278 785528 676.000003322 20276.7617439 392987712
666391 781540 643 25326.7460499 418624192
666020 777182 632.000000423 30069.4322851 435018592
666947 773102 626.000075654 35004.1798149 553132800
670008 769114 623 40476.6989703 572273088
673068 765775 623.000003255 45757.1568317 592263872
673624 761788 615.000001482 50960.7901725 728100928
676963 758542 611.000002097 56241.2480342 1455586176
676035 754276 584.000106666 61099.171045 1484802944
676035 749918 531.000047666 65995.5063158 1519146880
676128 745559 468.00012075 70853.4293277 1761264000
679188 743241 428.000001807 75941.8258923 1818433792
679930 739624 397.000000147 80761.336646 2211705088
682063 738789 384 85696.0841757 2224721664
684289 735358 264.000286382 90746.0684833 2240111616
685216 731463 122.000165256 95603.9914964 3032842496
688555 729887 99 100653.975801 3044052992
690317 725528 77.0000007246 105819.196887 3590349312
690780 721262 71.0000029708 111099.654747 3655060224
691615 716904 62 115957.577759 3661912832
691244 712545 49 120853.913029 3713153280
691708 708187 42 125711.836041 3740620544
691429 704106 29 130838.644867 4505244160
695788 701881 28.0001046569 136119.102727 4543184896
698848 698079 27.0000898048 141591.621882 4599666176
702094 700026 23.0002541253 146680.018448 4682869248
702743 701695 23 151576.353718 4706367488
707102 700768 22 156549.513506 4760313344
711089 698450 18.0001195869 161791.559107 4795726336
713779 701695 17.0000747688 166803.131154 4900694528
718137 703086 14.000044875 171968.352237 4962862080
719157 707445 10.0000299327 176749.450731 4972144640
723052 709671 9.00000000002 181837.847295 5028277248
726298 712360 9 186849.419342 5901522432
729266 709392 8.00014971588 192014.640427 5985146880
730657 713380 7.00000042916 196872.56344 5990476288
733810 711525 6 202114.609042 6396966912
736592 709114 4.00008982945 206818.883017 6434226688
740301 708558 2 211676.806028 6474589184
743918 707909 0 216842.027111 6485985792
