684845 975914 1478.00000089 0 2632500
685309 980087 1463.99994009 4672.45221642 19018800
684474 984260 1450.00000015 9268.07991662 29151900
685958 987691 1409.0000006 14209.4179455 69765296
688926 991122 1409 19304.4050119 168236992
688647 995017 1388 24015.2694893 201252608
691615 997892 1376 28879.7830012 230639392
692079 1.00197e+06 1376 33974.770069 252906304
694861 1.00503e+06 1363.00007677 39146.5816526 325215008
698106 1.00902e+06 1351 44587.2790484 342500416
701167 1.01023e+06 1337.00001535 49643.8538553 383381088
704412 1.0093e+06 1275.00004453 54431.5428508 398236512
705340 1.0131e+06 1262 58988.7582901 407081696
707565 1.01727e+06 1262 64083.7453567 488486688
707009 1.02145e+06 1262.00000015 68640.9607979 514682112
703207 1.02377e+06 1253.00000044 73774.3601217 556688704
701538 1.02794e+06 1253.00000073 78946.1717049 609606016
698199 1.03174e+06 1253 84348.4568429 704457024
695232 1.03508e+06 1162.00000029 89481.8561685 741214784
691429 1.03666e+06 1103.00007841 94307.9574214 763408768
688833 1.03962e+06 1094.00000086 99057.2341564 1038509120
686607 1.04278e+06 1066.00007673 104036.984443 1050383680
684103 1.04472e+06 1015.99993876 108863.085696 1110898816
679930 1.04519e+06 916.00000015 113305.06436 1130087680
676499 1.04778e+06 909.000000145 118246.402389 1162892672
672697 1.04843e+06 909 122688.381052 1202088576
669358 1.04964e+06 870.000000145 127783.368118 1315877376
669080 1.05307e+06 855 132916.767443 1337042688
667133 1.05567e+06 847 137858.105473 1378044928
664258 1.05659e+06 836.000062431 142799.443502 1388915072
662589 1.0604e+06 823 147587.132497 1498815872
662496 1.06448e+06 817.000000145 152835.768598 3626945024
661940 1.06819e+06 809.00004719 158199.641477 3647170816
660920 1.07078e+06 797 163371.453062 3663759616
661569 1.07319e+06 789.000001668 168620.089163 3678420480
662311 1.07625e+06 777.00003069 173330.953639 3687978496
661290 1.07968e+06 771.000030676 178310.703929 5490204160
660270 1.08377e+06 754.000199346 183559.340031 5516966912
661012 1.0871e+06 745.000077427 188385.441282 5563144704
656839 1.08729e+06 738 192942.656722 5731389952
654521 1.08998e+06 730 197845.582493 5816626176
650440 1.09137e+06 705 202786.920523 5842206208
647195 1.09508e+06 687 208112.381142 5936239104
646175 1.09916e+06 653 212669.596582 6618178048
648400 1.10278e+06 638.000061303 217687.75913 6718391296
648400 1.10621e+06 626 222936.395232 6737272320
650997 1.10871e+06 618.000030657 227800.908745 6775017984
652110 1.1127e+06 603 232588.597738 6987659264
649328 1.11567e+06 593 237491.523508 7070125568
651182 1.11984e+06 588 242509.686056 7107660800
649142 1.12383e+06 580.000000149 247527.848605 7371534848
648122 1.12791e+06 574.000000141 252085.064044 7554635264
646175 1.1267e+06 564.000000151 257064.814332 7592421376
645525 1.1305e+06 558.000091826 261814.091067 7955512320
644413 1.13329e+06 535.000077832 266563.367804 8044102144
643764 1.13718e+06 510.000030319 271427.881315 8058463232
642929 1.14033e+06 488.00002084 276138.74579 8094994432
639776 1.14312e+06 468.000091814 281272.145114 8921582592
640332 1.14645e+06 458.000001478 286175.070886 8946344960
638199 1.15007e+06 447.00006213 291154.821172 8956721152
637179 1.15424e+06 437.000000285 295750.44887 9065495552
636066 1.15842e+06 434.000106981 300461.313345 9164891136
633192 1.16027e+06 427.000106953 305479.475893 9204621312
630502 1.16194e+06 416.000000835 310190.340366 9288512512
628277 1.16361e+06 405.000000149 314939.6171 9418461184
626422 1.16713e+06 393.999955454 319842.542869 9432636416
624382 1.17038e+06 374.000030698 324476.582828 9523996672
621971 1.17381e+06 329.999940734 329417.920857 9569510400
620951 1.17789e+06 316 333975.136296 9695384576
618169 1.17928e+06 289.999954362 338839.649808 9713196032
615850 1.18253e+06 259.000213544 343665.751062 9731299328
613532 1.18531e+06 239.000015533 348530.264574 9774764032
610193 1.18568e+06 191.000000559 353510.014864 9798545408
609266 1.18985e+06 183 358067.230303 10482526208
607226 1.19393e+06 179.000000567 363046.980591 10512673792
606762 1.19811e+06 133.000000435 367949.906361 11091265536
606669 1.20228e+06 59.0000004238 372468.709542 11112689664
606855 1.20645e+06 52 376795.451427 11119606784
606948 1.21063e+06 47.0000009891 381160.605571 11224299520
606391 1.2148e+06 44.0000154944 385640.996493 11290541056
603980 1.21888e+06 37 390774.395817 11294599168
600271 1.22176e+06 31 396099.856437 11320924160
596283 1.22111e+06 28 401079.606725 11991320576
592203 1.22398e+06 23 406405.067346 12032785408
589142 1.22732e+06 19.000000143 411653.703447 34708922368
587937 1.23149e+06 17 416556.629216 34787598336
584969 1.23455e+06 15 421574.791764 34832277504
581724 1.23826e+06 15 426900.252383 34884927488
581445 1.24244e+06 13 431342.231045 34887241728
581816 1.24661e+06 9 435976.271001 37221736448
581445 1.25041e+06 9 441071.258066 37284519936
581816 1.25458e+06 9 445782.122541 49556738048
577643 1.25616e+06 7 450608.223793 49598697472
574119 1.25885e+06 4 455626.38634 49611829248
569946 1.25848e+06 3.00022710469 460414.075334 49853976576
565773 1.25764e+06 3 464932.878515 49884528640
564011 1.26145e+06 3.00000123499 469912.628803 50794848256
567442 1.26423e+06 3.00009077471 474930.79135 50920292352
567164 1.2684e+06 3.0001676392 479987.366156 50963918848
567442 1.27257e+06 3.00007558487 484890.291927 50994708480
566608 1.27675e+06 3.00007612267 489716.393178 51034292224
566144 1.28092e+06 3 494081.547322 51045351424
567535 1.28509e+06 3.00004529291 498830.824055 51122155520
569946 1.28927e+06 3 504002.635638 51127627776
572635 1.29344e+06 3.00004550065 509289.683997 52589563904
571152 1.29761e+06 3.00000068245 514077.37299 53062533120
568741 1.30179e+06 3 519249.184573 53077786624
564753 1.3042e+06 3 524344.171638 53232963584
560580 1.30781e+06 2 530015.342588 53250777088
556685 1.31199e+06 2.00000055932 535801.750315 53262495744
554367 1.31616e+06 2.00009099438 540935.149639 53273473024
551306 1.32033e+06 2 546375.847035 53284126720
547968 1.32451e+06 1 551931.781208 53288386560
543980 1.32571e+06 0.00022510464 556757.88246 53614661632
