248989 558976 126 0 2519100
246485 562499 119.000014761 5357.28 16175700
243332 565560 93.0000145474 10791.4 29273400
242034 569547 74 15841.4 254963696
239530 573257 55.000000218 21198.7 287055904
238788 577337 41 25979.8 299481312
237212 581696 39 30991.3 396049504
234151 585776 32.0000001139 36502.3 408102304
232760 590135 32 41437 630649792
233409 594400 30.0000147581 46179.7 644160576
235357 598759 30 51344.9 672891328
236562 603118 30 56202.8 706352384
237026 607476 30 60753.5 711285312
237026 611835 30 65112 711665984
237026 616193 30 69470.6 712046720
235820 620552 30 74328.5 1470328192
231462 622036 14 79609 1730249088
228031 622499 8.00000022346 84774.2 1758331776
227011 626394 4 89670.5 1762090240
226083 630753 4.00000055477 94413.2 1785207552
