485557 984260 913.000512822 0 1765800
487875 980551 844 5149.31020612 42330600
489359 977119 825.000000655 9914.49781926 60029100
492790 975543 809.000030687 15255.8693187 105696896
495758 973039 795.000077646 20482.0040406 146901600
498725 971555 766.000061348 25592.9019857 196441200
500395 969701 759.000061356 30780.6244486 234292496
503733 967568 755.000000134 35929.9346515 251496896
506330 965528 746.000015335 41117.6571146 316418400
509112 964044 739 46151.7305409 530744384
511708 960798 730.000015331 51147.3917087 550378816
514212 958943 725 56143.0528782 619690496
515603 955976 721 61138.7140464 650057408
518478 952730 720 66249.6119915 679573824
518756 949021 683.000015326 71168.448641 697037376
521167 946331 673.000001255 76164.1098095 727064128
518663 945404 659 81313.4200148 739529984
518571 941324 656 86232.2566657 842051712
518293 938820 651 91112.681056 1902722432
518942 937058 638.000045972 96300.4035183 1921741184
517365 935018 627 101449.713723 1933397120
516531 931586 618.000000422 106637.436186 2062025088
513841 930195 585.000199148 111748.334132 2535939840
512357 926764 570 117051.293371 2579825664
512079 923147 559.000046754 122239.015836 2627405056
511430 921385 552 127349.913781 2977770496
508370 920087 512.000003987 132268.750432 3025641472
505124 916378 483.000306123 137648.534189 11667726336
501136 916378 481.000001681 142951.493428 11829029888
498354 913503 440 147947.154596 11838571520
496129 915636 422.000015298 153096.4648 11951963136
492698 915172 405.000153011 158207.362747 11998141440
488895 913132 397.000000268 163203.023915 12141398016
486113 914338 378 168045.036046 12185267200
482589 913781 360.000001076 173309.583026 12481022976
478694 913967 352 178113.182899 12517359616
476098 910257 332.00000083 183224.080845 12797190144
473594 906919 318.000000274 188142.917496 13259319296
470627 909330 307.000138752 193407.464478 13309272064
467010 909515 248.000245079 198633.599201 13576580096
463671 907382 220.000244652 203398.786816 13690563584
459776 905806 173.000077663 208471.272503 13769870336
455603 904971 112.000046267 213351.696891 13780254720
451338 905342 70 218155.296764 13873234944
448277 903951 63 223343.019226 13888746496
449483 900335 61.0000001287 228684.390729 26129248256
448741 896996 56.0000152826 233564.815121 26171521024
446144 895141 53 238291.590477 26186676224
446979 890876 51 242979.953574 26266056704
444382 889021 50.0000001333 247860.377966 26425141248
440395 887444 48 253048.10043 50228756480
436129 887630 43.0000152725 257621.226749 50259853312
433347 883920 42 262808.949213 50463703040
433161 879655 42 267228.426497 50499821568
428896 880211 41 272416.148961 50821337088
425464 881602 41 277066.099797 50836840448
424537 885219 41 281754.462892 50864979968
423610 881046 41.0000029101 286366.001471 50878205952
419900 877800 41.0000006592 291745.785229 50909351936
416191 875574 36.0000001264 296779.858657 50940690432
412018 875945 29 301852.344342 50960977920
408494 879005 26 307155.303583 51680616448
407845 882900 22.0000005324 312381.438306 51750072320
404506 885497 21 317338.687216 51770867712
400426 883828 21.0000152699 322295.936125 51781283840
397922 879933 21 327598.895367 53352448000
395975 877336 20 332287.258462 53373759488
395325 881046 19 337359.744149 53405704192
391987 880211 17.0000001252 342662.703389 53423161344
388092 879655 15 348157.723924 53433577472
384939 883642 13 353614.332201 54226284544
380859 887352 11 359339.82629 54303977472
376593 888279 11 363989.777128 54313570304
373347 885775 8.00001527322 368870.201519 54827053056
369452 882993 5 374288.397536 55359553536
365186 885404 5 379552.944518 55371333632
360921 885219 2 384049.24632 55461494784
356655 884662 1.00004581373 388545.54812 55726501888
352945 887630 -1.99999888508 393963.744138 55773409280
