584598 394092 1247.99979244 0 16200
581353 396596 1119.99990467 5034.07342846 22785300
578663 399842 1075.00012734 10144.9713771 56716200
578292 403829 945.000445921 14986.9835107 88654496
577365 407075 858.000139919 20136.2937192 119677504
578014 411063 817.000001771 24939.8935925 164462400
579869 413937 791.000002425 30012.3792822 202872608
578663 417554 741.000001045 34892.803675 263225696
578478 420336 723.000002149 39619.5790319 279231296
577643 423953 709.000308119 44807.3014969 323230496
574954 426735 699 49802.9626667 701306112
572079 428961 691.000001972 54798.6238354 958756480
569390 432577 685.00001418 59986.3462991 992055616
570132 436287 683.000000392 65097.2442467 1379389440
570039 439903 678.000070421 70054.493158 1395500416
571152 441294 675.000000384 74896.50529 1492206336
570781 445189 666.000000135 79776.9296832 1533119360
572450 448620 660.000143044 84926.239889 1632109440
573470 450753 659.000042503 90037.1378352 1644453888
572450 453350 653 95109.6235224 1814886016
573563 454741 649.000143968 100105.284693 1859784320
574490 458636 647.000042455 105062.533602 1889640960
576530 462623 646.000226774 110135.019292 2246470144
578478 465220 641 115361.154016 2260531712
576994 468651 638.000056788 120510.464222 2319119104
575139 471990 636.000056845 125544.537652 2388997888
574768 474865 629.00014256 130770.672376 2403407616
574119 478296 621.000002289 135727.921287 2894883328
576159 479872 614 140800.406973 2911763712
574397 483118 611.000000127 145911.304919 2937351680
571523 486920 609 151252.67642 2980484096
573470 488868 607.00001455 156056.276294 3013661696
573006 491464 606.000057143 161051.937463 3022604032
572079 495266 601.000000134 165970.774114 3560962560
573377 499068 601 171350.557874 3593184256
573656 502129 599.000043891 176691.929373 3607796736
570410 505467 599 181918.064097 3669429504
570503 509733 598.000000412 186913.725268 3743495936
568555 513999 598.000072394 192063.035473 3765576704
569853 517801 597 196751.398571 3799855872
568091 521974 596 201708.647483 3850213376
566329 524756 593 206934.782207 4490113536
565124 528095 590 212391.390485 4508540928
563084 531711 590.000000138 217233.402618 4571810304
564289 535235 585.000000263 222382.712823 4589532672
568370 539130 584.00000013 228185.031431 4774366720
568648 535235 579.00000039 233487.990674 4784734720
572821 535328 576 238291.590547 4794754560
573563 532824 574 243440.900752 4827705344
574397 529857 570.000000387 248667.035475 4873664512
578478 528929 564 253624.284385 4952825856
581445 526147 563.000000408 258504.708777 4982002176
584042 522623 559.000014405 263538.782205 5161214464
588308 522160 559.000028815 268303.96982 5192432128
592203 519934 559 273338.043247 5214261760
595448 519007 556 278333.704417 5265064960
597303 522716 552 283214.128809 13489018880
600734 523736 548 287940.904167 13508669440
603795 519841 527.000071973 293320.687928 13544763392
606020 515854 520.000014375 298469.998132 13581715456
608617 517616 515.000158248 303696.132856 13656964096
612326 519378 504 308768.618543 13686812672
614274 516410 501.000000521 313917.928749 13933531136
615665 514277 483.000000131 318798.353141 14002162688
619374 513628 404.000274535 324024.487866 14020937728
618725 510475 254.999969561 329327.447108 14050680832
622249 507786 145.000115216 334630.406351 14242440192
625402 505096 85.0001577965 339702.892037 14299440128
627998 502221 69 344698.553208 14322695168
631615 502592 54.0000286701 349540.56534 14359218176
635510 499718 54 354843.524582 14409583616
638849 495452 43.0000004034 360492.194155 14441401344
643114 496194 35 365526.267583 14607281152
646824 494524 27 370253.042938 15055089664
650997 493319 22.0001436102 375440.765402 15092008960
653223 489146 15 380590.075608 15214974976
654521 484880 14 385393.675483 15245430784
656654 480614 14.0000003957 390542.985688 15269764096
660363 477647 5.00009962341 395807.532672 15531199488
664629 478296 2.00000026425 400419.071248 15573724160
667318 476812 0 405107.434347 15747582976
671584 475328 0 409987.858737 15761481728
675850 475328 0 414868.28313 15926576128
