379931 1.04713e+06 639.000031198 0 2608200
376964 1.04454e+06 578.000046311 5034.07 10457100
376222 1.04055e+06 530.000030824 9952.91 54885600
375758 1.03638e+06 422.000185139 14910.2 61470900
373069 1.03387e+06 344.0000014 19790.6 73548000
370194 1.03258e+06 259.000032156 24555.8 123784200
366763 1.03128e+06 128 29551.4 251399696
367041 1.02701e+06 116 34470.3 271738816
368339 1.02275e+06 111 39427.5 356035488
369730 1.01848e+06 106.000000126 44346.4 635582720
370194 1.01421e+06 104 49034.7 668711680
371956 1.01013e+06 101 54107.2 726197376
370565 1.00642e+06 97.000000252 59563.8 837726272
368061 1.00327e+06 93.0000460498 64559.5 1098829824
364259 1.00281e+06 90 69516.7 1153861248
360921 1.00049e+06 80.0000623873 75050.2 1186010112
358602 999469 46.0000006541 80314.7 1211930112
356933 998634 30.0000463089 85079.9 1228462208
352945 998634 19 90382.8 1237898752
348772 997985 14.0000155905 95647.4 1770595200
346547 993905 10 100835 1778525056
343023 992235 8.00000012309 105946 1844361856
340148 989453 6.00006137362 111019 2009942144
335882 989731 4 115707 2030775296
331802 991586 4.00000000002 120895 4006106112
328834 995759 2 126428 4033314048
325403 998820 2.00000072927 131616 4049910784
