361941 705312 389.999985173 0 1036800
358138 706610 351.000014956 4918.84 21205800
354151 706518 327.000029905 9799.26 64921500
350534 708650 306.000044898 14833.3 105705000
346732 708650 289.000104762 19905.8 125533800
342837 708187 262.000074905 24901.5 217841408
341539 712267 245.000045308 29781.9 235094400
338293 714029 222.000060023 35200.1 447306304
334769 716348 207.000030326 40349.4 482695200
332451 719779 191.000045209 45460.3 505642496
330132 722283 175 50571.2 553367680
326608 724694 158 55758.9 581377472
323363 727012 139.000000125 60869.8 615219328
320488 729145 127.000090045 65750.3 626591680
318355 732762 111.000000368 70784.3 636157824
315202 736564 98.0000001176 76164.1 968306432
311122 737120 89.0000300488 80967.7 1017036032
308340 739717 81.0000153886 86155.4 1022722176
305372 742592 67.00000012 91381.6 1043271872
302590 746208 49.0000001187 96684.5 1054385088
302683 749640 41.0000001224 101565 1760502656
299252 752329 31.0000001172 106906 1782072960
295820 754184 19.0000151831 112056 1796571904
293131 757615 4 117320 1809669632
