834335 1.51369e+06 1838.99945098 0 16200
832109 1.51721e+06 1538.00000468 4880.42 22088700
829327 1.52073e+06 1465.0000003 10298.6 101825104
829142 1.52481e+06 1437.00005752 15409.5 197210704
830162 1.5288e+06 1402.00011615 20443.6 240958800
831738 1.53288e+06 1246.00015845 25516.1 398187904
831924 1.53706e+06 1108.9999739 30358.1 417198592
831182 1.54086e+06 917.000001605 35200.1 436711488
830069 1.5441e+06 786.999916647 40042.1 629483392
830440 1.54837e+06 698.999947296 44692.1 675718208
830440 1.55254e+06 579 49687.7 753462016
831182 1.55505e+06 446.000342899 54683.4 806970624
832944 1.55903e+06 392.000342361 59563.8 857522688
835077 1.56145e+06 345.000042555 64559.5 868992320
837766 1.56441e+06 293.999973442 69555.1 913493696
837117 1.56849e+06 205.000000756 74858.1 1671062400
833686 1.57118e+06 196.000071132 79892.2 1753471744
831460 1.57498e+06 169.000028793 85118.3 1918493056
829420 1.57906e+06 158.00000014 90229.2 1962330240
830069 1.58315e+06 121 95301.7 2046489344
829791 1.58704e+06 109.00000043 100221 2079431936
829234 1.59131e+06 107.000000714 104947 2115695744
828678 1.59557e+06 99.0000007115 109597 2149658880
828771 1.59984e+06 93.0000140752 114286 2166709504
829883 1.60299e+06 80.0000568057 119397 2364252416
826545 1.60689e+06 68.0000001444 124892 2406169856
826916 1.61032e+06 59.0000011836 129964 2431781888
829234 1.61403e+06 49.0001540809 135113 2446588928
826823 1.61746e+06 44.0000015837 140109 2464028160
827751 1.62107e+06 37.000001035 145181 2492718336
828400 1.62534e+06 33.0000985407 149793 2504244480
826360 1.62914e+06 30.0000001468 155250 2963676672
826174 1.63285e+06 26 160130 2972813312
823856 1.63536e+06 23.0000001453 165318 2984931072
821166 1.63879e+06 19.0000277863 170659 2994075904
818199 1.64268e+06 14 176154 3011547648
815324 1.64583e+06 9.00000014417 181380 3032688640
811244 1.64621e+06 7 186184 3069138688
