370287 706889 413.000044997 0 2211300
369545 702623 357.000014953 4803.6 12482100
370287 698450 330 9645.61 55023300
371585 694555 311.00001506 14679.7 97742704
370843 690474 281.000000491 19483.3 138712496
369267 686950 267.000074693 24478.9 319455904
369081 682963 246 29551.4 477843296
370750 678790 235.000001166 34470.3 531424800
370936 675822 218.000104164 39581.2 555109184
371400 671556 201.000059496 44730.5 609184768
372883 668867 183.000000634 49879.8 630844224
373440 664879 167.000074904 55029.1 737513088
375851 660984 148 60140 759626112
378355 657924 128 65174.1 793727104
374089 656348 124.00001483 70169.7 41950400512
369823 655791 122 74666 42181316608
365557 656070 120 79047.1 42247307264
361291 655235 116.000014951 83658.6 42683047936
357582 651340 113 89307.3 42844389376
353316 650598 108 93957.3 43086688256
349236 649207 105 98722.4 43151007744
344970 647538 104.000059221 103680 43420315648
340704 646054 101.000044389 108560 43629305856
336438 645683 96 112980 43637055488
332358 644292 96.0002663449 118206 46649405440
329576 647167 91 123278 46812516352
327072 646147 88.0000171608 128389 46846373888
323641 644941 82.0002403889 133654 46863863808
321415 649114 82 138803 46925242368
317149 650134 82 143491 46945468416
312884 648651 75.0000592327 148449 46983614464
308618 646889 70 153521 46990036992
305650 644199 64.0000149114 158363 48068882432
304259 640304 61 163051 48090738688
299993 639655 59.000014785 167586 49474580480
295728 638821 55 172198 49548808192
291462 640954 49 177347 49749630976
287196 643179 46 182535 49918615552
286176 647445 43.0000445191 187223 49966039040
285341 651711 39.0000003574 191835 50093486080
281168 655606 35 197675 50097291264
277737 659593 30 203247 50184531968
274120 662746 27 208550 50199707648
273564 667012 21.0001782522 213046 50200461312
271060 671278 19 218349 50208706560
269020 675266 15.0000450897 223422 50448969728
267536 679532 13 228302 51228278784
263270 683148 9 234066 51232727040
259004 686023 6.00000000001 239523 51281666048
255388 690103 3 245210 51336552448
251122 690103 2 250014 51358818304
246856 690103 0.00007456795 254279 51359199232
