907596 1.39591e+06 622.999833042 0 0
910285 1.39962e+06 344.000065651 5357.28237687 64289700
913809 1.39999e+06 281.000285074 10752.9770118 240610496
915849 1.40231e+06 221.0000444 15879.7858336 353969984
920208 1.4012e+06 198.000059212 20699.2965857 371935808
924566 1.40129e+06 153.999999356 25557.2195944 439951488
925308 1.40546e+06 142.00000142 30530.3793781 488867392
928739 1.40788e+06 107.000576218 35657.1882014 505318496
931150 1.41103e+06 72.0000295414 40976.058316 553869888
933933 1.41335e+06 61.000029515 46102.8671376 588149120
932542 1.41761e+06 58.0000521334 51536.9740301 797720384
935973 1.41835e+06 35 56586.9583351 870199168
939682 1.41984e+06 30.0000737194 61521.7058632 903255296
943484 1.42002e+06 25.0000442204 66878.9882389 979063168
944319 1.42225e+06 22.9999573922 72466.7441697 994396480
945617 1.4254e+06 20.000047313 77785.6142869 1037358912
946545 1.42754e+06 18.0002355085 82835.5985902 1049589888
947750 1.43022e+06 13 88000.8196693 1056693632
949327 1.43291e+06 1 93089.2162326 1117613696
