485835 390661 1187.9999582 0 0
484908 394463 1131.00000013 4765.19 13154400
483424 396967 1097.00001537 9607.2 32667300
481384 399192 987.000209346 14564.4 38596500
479807 401418 887.99994281 19560.1 89796600
479158 405035 798.00000064 24594.2 100691104
477396 406982 755 29551.4 110629800
478138 410784 734.000041837 34623.9 211239904
479158 414216 717.999986162 39734.8 288570592
475820 416441 696.000000127 44999.4 351742496
474336 419872 686.000000245 49687.7 384312608
472018 423118 668.000000354 54875.4 419766304
470441 426642 660.000014142 59717.5 447800384
468401 429981 643.999986218 64982 463814112
469977 433226 629.000014547 69939.3 492439488
470441 437492 614.000000243 74934.9 510243296
468308 441202 602.000000124 80084.2 720616512
464784 442964 596.000014083 84926.2 1561509888
460889 441665 586.000028161 90037.1 1582594176
457458 442036 578.000014085 95032.8 1687181440
453934 444169 571 100413 1720812544
450967 447044 561.000014109 105562 1741394688
448277 448249 552.000000501 110442 1942987520
448185 452237 545.000000244 115553 2001987840
447814 454277 535.000014249 120664 2111386496
446886 457801 519.000042554 125621 2208942848
445402 461789 513.000000362 130540 2222356480
442249 463365 506.000014168 135459 2300140800
439375 466240 483.000043039 140416 2320228864
437149 468837 472.000042565 145374 9568723968
433532 466611 439.000014772 150446 9749022720
431307 464015 421.000001175 155250 9835830272
427505 465127 323 160245 9860469760
423331 465220 259.000014534 165203 9915445248
419437 464293 230.00011365 170390 17391454208
415263 465313 222 175578 17804666880
410998 467353 206 180996 17812224000
409328 463551 203.000002702 185761 18264576000
408679 459378 198.000001615 190795 18307936256
404970 456874 197 195868 18427961344
400704 456874 197 200595 19714607104
396438 456874 184 205245 19769792512
392172 458172 182 210048 19844319232
389019 460769 167.000000709 214929 20204453888
385032 460305 163.000000617 219579 20249344000
382713 456132 156 224766 21422733312
379189 454370 149.00000012 229455 21448962048
374924 456132 143 234450 22544324608
370750 456132 134.000000123 238985 22551080960
367412 453906 127 243789 22625536000
363146 452052 123.000098825 248823 22878920704
358880 451495 120 253319 24036724736
357582 455390 114 258276 24180160512
354336 458265 112 263387 24285394944
350256 459749 106 268191 24321789952
345990 457894 101 273225 26281779200
341724 459285 95.0000424483 278374 26295734272
337644 457801 88 283408 26305843200
333564 455576 83 288750 26405101568
331060 457152 80 293707 26583932928
328927 458450 75 298703 26668941312
324754 455205 70.0001130799 304274 27677716480
320488 454092 65 309155 27693559808
317984 456967 60.0001838924 314112 28393334784
313718 456132 53 318724 28405428224
311956 459656 50 323719 28520546304
307690 458172 45.0002263026 328600 28537790464
305465 460491 39.0000001166 333058 28603400192
301570 462345 36 337938 28616603648
297397 461696 32.0001415543 342434 28810477568
293966 464015 28.0000002366 347545 28850628608
290720 466982 24 352618 29939834880
286454 466982 20 356884 29981468672
283208 464849 15.0000142897 361687 30158008320
282930 460583 11.0000004653 366068 30160746496
280333 457523 6 371064 30264662016
276902 455668 2 376136 30339246080
