631615 921385 2133.9998175 0 0
627720 923611 1845.00013909 4979.75 12749400
625402 927784 1699.00001589 10190 27224100
622898 930659 1644.0000156 14939.3 73596600
621692 934461 1606.9999851 19765.4 80975696
619096 937336 1569.00012347 24860.3 130547696
616592 939098 1522.00024511 29840.1 140194800
613161 939840 1475.00012253 34781.4 185635808
610935 937892 1422.0001839 39645.9 195323392
607226 936965 1314 44548.9 208550704
604629 936038 1302.00015435 49682.3 789733824
600734 936965 1245 54662 813272384
597674 937707 1240.00010722 59833.8 870264000
594614 938449 1180 64698.3 895082368
591368 937707 1152.00006476 69639.7 914587200
589328 935203 1142.00022973 74657.8 939591872
585897 933997 1129.00019917 79637.6 960157824
585340 930752 1097.00012248 84809.4 1033260288
582558 928712 1068.00006169 89942.8 1072812608
579405 927877 1058 94884.1 1101267840
576438 927506 1053 99863.9 1142610304
574676 925559 1039.00006123 104767 1151317760
571337 923611 1026.00006122 109708 1203198336
569390 921200 1009.00000145 114342 1215502208
567071 917676 979.000030609 119207 1651330816
563362 917398 937 123994 2670245888
559374 918696 898.00000014 129166 2719907072
556036 920273 863.000061247 133954 2763444480
553161 918325 826.000000433 138934 2951542784
550750 921664 813.000229964 143837 2986777856
547411 920644 795.000000403 148624 3575412992
544351 918696 785 153681 3647235584
540920 916285 762.000290752 158776 3683410176
537396 917305 749.00013812 163487 4167547136
533223 916285 732.000015716 168236 4187400192
529143 916007 714 173331 4221825280
525804 916749 688.999986218 178311 4234947328
522373 918418 672.000016893 183175 7960380416
520704 914801 618.000000428 188270 8330217984
516716 914801 605.000000274 193365 8478529024
513285 915729 571.000015301 197999 8499402752
509668 917305 525.999970947 202672 8600434688
506330 917583 499 207690 11652716544
502527 916841 481 213015 11818005504
499374 914338 457.000183601 217957 11834424320
496685 913781 429.000030598 222821 11949856768
494552 916100 411.000000843 227878 11993686016
490936 913596 400.00010712 232857 12010161152
487041 912576 384.000214396 237645 12145472512
484722 913132 368 242510 12468434944
481013 913039 355.000076509 247374 12511584256
477211 912668 344 252316 12741064704
475541 908588 326.000015434 257142 12818144256
472110 906826 314 262198 13288803328
469514 910535 296 267255 13310859264
465804 908773 232.000000933 272273 13605537792
462280 906733 203.000092185 277022 13696297984
458478 905342 152.000000137 282002 13774835712
454398 904879 78.0000919264 286713 13781501952
450317 905157 68.0000001292 291501 13877746688
447906 902931 62 296557 26116894720
449761 899500 57 301729 26129563648
447999 897367 56.0000152867 306555 26171951104
446423 894399 53 311112 26257356800
447164 890226 51 315669 26271127552
444011 888464 49 320534 26425448448
439931 887537 47 325514 50228887552
435758 887630 43 329956 50259886080
433347 883642 42 335051 50463727616
432976 879469 42.0000763384 339454 50500091904
428803 880211 41 344472 50821345280
425464 881602 41 349030 50836840448
424630 885219 41 353625 50864947200
423610 881231 41.0000016447 358144 50878033920
419993 878078 41.0000024386 363393 50908864512
416562 875574 37.0000610443 368372 50940633088
412481 875852 29.0000152611 373314 50959822848
408679 878449 26.0000306717 378486 51679838208
408216 882344 23 383581 51734085632
405248 885126 21 388407 51762929664
401260 884477 21 393156 51778506752
397736 880860 21 398558 53349797888
396995 877336 20.0001679422 403231 53372309504
395418 879933 19 408018 53401477120
392636 881417 17.0000005165 413152 53419474944
389390 878356 15 418285 53432369152
385310 882251 14.0000002654 424033 54222118912
382342 885868 12 429205 54293749760
378169 888186 11 434338 54312337408
374831 887352 9.00000104905 438588 54824308736
371029 883364 6.00000013281 444259 55006629888
367041 884291 5 449201 55366189056
362868 885497 3.00003067033 453950 55373189120
358695 885219 2 458238 55461687296
354800 885682 1.00000026394 463103 55753699328
