540642 1.16148e+06 418.999999587 0 0
544166 1.16361e+06 378.000000408 5149.3102036 14693400
545557 1.1676e+06 349.000000137 10029.7345933 34514100
547319 1.1714e+06 312.000015273 15063.8080171 61827300
547782 1.17557e+06 271.00000055 20097.8814425 66395700
548061 1.17919e+06 240.000046904 25208.7793873 127858496
547504 1.18244e+06 216.000000275 30204.440555 216148496
546577 1.18642e+06 190.000031223 35200.1017222 261889200
544908 1.18948e+06 167 40272.5874099 272945696
543331 1.1931e+06 148.000015245 45229.8363159 297027008
541291 1.19662e+06 134.000213343 50263.9097431 670121088
542033 1.19839e+06 125.000004142 55259.570911 682360192
544166 1.20033e+06 111.999954418 60216.819819 691318784
545649 1.20321e+06 105 65058.8319486 788300096
548339 1.20543e+06 93.9999990375 69747.1950452 828281728
548710 1.20803e+06 76.0000609122 74473.9704002 836211584
548988 1.211e+06 60 79623.280603 869939968
547319 1.21415e+06 54 84657.3540283 895681792
550472 1.21591e+06 53 89499.3661604 1170304256
554645 1.21647e+06 52 94187.7292558 1326277760
558911 1.21638e+06 52 98876.0923515 1385156736
563176 1.21647e+06 52 103794.929 1784097920
566237 1.21638e+06 51 108905.826944 1812034816
568833 1.21573e+06 44.0000004318 113901.48811 1914102912
572635 1.21786e+06 43 119166.03509 1937714432
573563 1.22166e+06 40.000000677 124084.871739 1969344896
572450 1.22574e+06 39.0001065015 128888.471611 1989910784
569204 1.2263e+06 30.0000001368 133884.132777 2019265152
568370 1.23038e+06 26.0000001363 138879.793944 2109458688
569761 1.23465e+06 24.0000001369 143952.27963 2143608320
570688 1.23891e+06 23 148602.230465 2166093824
573841 1.24132e+06 18.0000153122 153636.30389 2196250112
578014 1.2429e+06 18 158516.72828 2208165376
581445 1.24457e+06 10.0001820269 163281.915893 37219233792
580332 1.24846e+06 9 168469.638355 37228085248
582280 1.25273e+06 9 173542.124038 37287428096
579405 1.25495e+06 9 178153.662615 49559654400
575788 1.25857e+06 4 183648.683149 49608003584
571523 1.25941e+06 3 188260.221726 49619337216
567257 1.25764e+06 3 193255.882894 49884401664
564660 1.26006e+06 3.00000000002 198059.482766 50791518208
566237 1.26339e+06 3 203131.968451 50905088000
568091 1.2672e+06 3.00000135547 208204.454136 50961174528
566700 1.27146e+06 3.0001058297 213276.93982 50993713152
567071 1.27573e+06 3.00000096946 218311.013246 51017396224
566144 1.27999e+06 3 222960.964081 51045269504
567164 1.28426e+06 3 227649.327176 51121238016
569575 1.28852e+06 3 232913.874154 51126640640
572635 1.29279e+06 3 238447.306947 51486085120
571337 1.29706e+06 3.00006099218 243250.906818 53061222400
568833 1.30132e+06 3.00000014245 248553.866057 53077590016
565124 1.3041e+06 3 253741.588518 53230034944
560858 1.30754e+06 2 259428.670347 53250412544
556778 1.3118e+06 2.00000066346 265384.63799 53262352384
554459 1.31607e+06 2.00009113822 270610.772708 53273317376
551306 1.32033e+06 2 276182.617761 53284126720
547968 1.3246e+06 1 281831.28733 53288394752
543795 1.32571e+06 0.00006002662 286750.123979 53614718976
