670008 844044 1733.99995387 0 0
667875 840613 1604 5056.57 18735300
668524 836533 1508.00016879 9997.91 30666600
668153 833194 1485.00000135 14824 61365600
666020 830412 1457.00000014 19919 75500096
663609 826888 1436.00000043 25129.2 151915504
661940 824013 1386.00009171 30070.6 279571488
659250 820768 1363.00004585 35204 322104608
658416 817707 1351.00000247 40183.7 357347712
655263 815853 1328.00012145 45086.6 840699008
652388 813812 1309.00015198 49720.7 897131712
648586 815018 1308.00004554 54623.6 927701120
644505 812885 1308 59641.8 966402880
640611 812978 1305.00006073 64429.5 993165312
637921 812421 1299.00000104 69678.1 1400287488
635510 811494 1296.00010623 74504.2 1688469248
631801 811865 1287.00000015 79560.8 1902754816
632357 807692 1241.0001078 84348.5 1914240640
630131 803982 1226.0000758 89481.9 2294794752
626237 804724 1205.00003048 94154.3 2321686784
622713 806672 1154.00024273 99018.8 2455255808
619467 809083 1152 104114 2591368192
618632 805281 1114.00000059 109017 2639303936
615572 805095 1107.00001618 114189 2674984448
612326 806486 1099.00000044 118938 2689548288
609173 804724 1094.00003034 124263 2713265152
607040 804539 1093.00004664 129128 3656453376
604722 808156 1081.00001587 134338 3670863360
604444 809918 1077 139318 3683199488
604722 813627 1062 144336 3722808576
600827 812143 1059 149316 3763251968
598323 814740 1055.00001531 154411 4074737408
594150 817058 1054 159544 4138087424
592481 820860 1052.00000014 164332 4265476096
589977 819377 1048.0000159 169580 6512740352
585989 818820 1022.00021351 174829 6566022144
583022 821139 1017.00000014 179540 6577264640
582094 824477 1011.00000177 184520 6590233088
581260 821880 1008 189461 6724360704
579683 819562 995.000015606 194364 6738098176
575603 819747 963.00000014 199344 6833152000
571801 822159 848.000030803 204746 6851117568
568462 823735 773.000045564 209380 8404324864
565866 822066 761.000000271 214206 8636260352
562064 820489 748.00003037 219032 8666011648
557983 821417 746.000000416 223781 8745748480
555201 822715 738.000136709 228684 8787398656
551770 824941 714.000000428 233549 8809640960
549173 824662 688.000031352 238413 8846261248
545093 823828 667.000319021 243201 8868018176
541476 824013 663 248219 9438184448
537489 825497 656.000075977 253007 9466454016
533687 827723 649.000091194 258332 9980771328
531554 831803 632.000000136 263351 10123006976
534058 833565 627.000152106 268023 10145209344
535170 836162 618.000076039 272849 10233329664
533408 839500 611 277714 10249578496
535078 840613 603.000045649 282463 10299587584
534058 844415 596.999957372 287520 10315787264
531461 847475 571.000076127 292384 10699549696
527937 849979 562.00000027 297633 10798927872
526360 845992 538.000046378 302689 10831976448
522466 843673 527.000000136 307784 11032305664
519962 842468 524 312841 11073866752
519498 846548 516 317705 11385708544
515418 847846 508.00016836 322531 11421494272
513378 851463 482.000000809 327473 11504705536
512172 855636 475 332299 11573093376
508463 856192 469.000015233 337048 11597182976
505310 858975 433.000167618 342105 11636014080
501229 858975 347.000365712 347084 14956220416
497242 859253 308 351911 15001491456
493532 861757 279 357006 15061496832
490008 860922 252 362177 15381527552
485928 861015 248 366965 15823163392
482404 864539 232 372329 15912847360
478694 867877 198.000000529 377693 16050733056
475171 869639 178.000015259 382557 16135305216
471276 870566 164.000091519 387153 16285900800
467103 870845 157.000259444 391518 16335974400
463208 870845 137 396267 16356937728
459869 872978 75 401439 16393208832
455882 874183 66 406265 16774087680
452172 874740 61.0000002741 411091 16778696704
449947 878078 57.000015265 416225 16813347840
446608 881602 53 421589 16824971264
442620 883364 51.0000001288 426492 23739269120
441879 887259 48.0000154113 431318 50228109312
437705 887444 45 435721 50229161984
433811 885590 43 440855 50460327936
433440 881417 42 445258 50464059392
430750 879098 41 450007 50553307136
426577 880025 41 454718 50829242368
425835 883828 41 459352 50839097344
423610 883178 41.0000034163 464140 50873888768
421662 879655 41.0004273903 468851 50899369984
418509 876038 40.0003509263 474100 50917498880
414336 876409 32 478887 50954936320
410256 876687 27.0000152624 483905 51561775104
409514 880489 25.0000001339 489077 51684519936
407196 884477 21 494134 51758637056
403022 885497 21 498729 51771011072
399035 882808 21 504016 53342179328
398293 878634 21 508958 53355307008
394862 877985 19.0000001302 513784 53397749760
394213 881787 18.0000153895 518687 53408169984
391152 879191 17.0000001248 523935 53425491968
387165 880582 15 529376 53448871936
384290 884013 12 534433 54235705344
380117 887815 11 540181 54307819520
375944 888279 10 544546 54317068288
372791 885219 8 549564 55000563712
368989 882993 5 554659 55361466368
364815 885497 5 559869 55371657216
360642 885219 2 564234 55461519360
356469 884662 1.00003054185 568638 55728439296
