626237 640119 1216.00005706 0 2997000
627998 637522 1025 5302.96 14085900
627813 633349 984 9991.32 53014500
626051 630660 978 15102.2 68477400
621785 630196 978 19790.6 178370096
619560 632515 971.000000955 25093.5 202184096
615386 632607 958 29743.5 255231008
612048 635297 951.00003026 35046.5 317916896
607875 635946 946.000014777 39926.9 502515904
604073 636317 942 45076.2 557693120
605649 640212 941 50225.5 652552192
603238 642623 941 55259.6 669197696
601291 641696 937 60485.7 721199680
601383 638357 934.000000135 65711.8 729818112
598694 640026 931.000059146 70707.5 745216192
596468 642437 931 75434.3 755001024
594799 645312 927.000015751 80660.4 1129974272
596747 649207 926 85886.5 1144951168
594521 651896 920.999985314 90959 1166886016
590997 652267 914.000000274 95993.1 1240725632
588215 654400 894 101066 1334061952
584227 655328 865.000029671 105984 1359552640
580982 658944 852.000134986 111326 1394982016
576809 658295 830.000029965 116360 1434874496
575974 654493 812.000015817 121087 1447016448
574583 655884 806.999985723 126198 1777407360
572357 658481 801.00005991 131078 1791104384
571152 662097 786.000000135 135882 1807709440
570132 666363 784.000000414 140647 1834933504
571430 669702 779.000001622 145374 1907857792
570873 673689 776.000015017 150292 1966040064
570966 677955 773.000015165 154904 1995200128
574768 679532 768 159708 2013255040
572728 681943 764 164511 2945889024
569390 684725 764 169545 2964186880
568555 688898 760.000000141 174272 2999721472
566237 689454 755.00000041 179344 3127191296
564846 687321 752.000015047 184225 3231446528
561693 685838 748 189413 3267434752
562806 689825 741.000000284 194869 3283918080
558911 690938 736 200134 3314819584
554738 692515 719.000015062 205168 3382333184
551399 694369 703.000030145 210279 3442945536
547875 696502 686.000014938 215198 3549565696
545279 699748 683 220270 4400260096
542960 702066 682 224920 4625626624
540085 705034 674.000029919 230069 4695991296
536469 703828 668 235103 4731963392
534428 707167 661 239830 4756797952
530255 708372 656.000015106 245018 4954251776
526546 707074 646.999985965 250282 5238585856
522373 709021 640 255470 5307209216
518385 708187 618 260427 5535142912
514119 709300 616 265385 5636392960
512821 705219 610.000044867 270803 5795145216
508555 704570 609.000000137 275338 5824296960
504475 704292 597.000089762 280256 5906803712
500395 703736 590 285214 6182462464
496963 703643 589.000000405 290094 6339230208
493903 700397 577.000000667 295282 6374700032
492327 696131 568.000000545 300201 6388000256
490936 692051 552.000059696 305119 6551766016
486855 690845 535.000014918 309961 6837088256
482775 688991 525.000357965 314919 6900932608
478602 689825 508.000239362 319799 6981163008
475078 687878 481.000372927 324872 7050037248
472481 690103 435.000015319 329752 7138440704
469421 690567 387.00026902 334786 7161088512
465990 691587 337.000522672 339667 7198899200
464135 694184 311.000164192 344240 7215026176
461168 691494 248.000065342 349159 7231331840
457551 688898 222.000402877 354231 19719077888
453378 689083 203.000298366 359073 19826386944
449854 688898 195 364030 20482437120
449761 684632 194.000000377 368411 20533710848
445681 681294 189 374137 20951865344
444011 677213 185 379171 20957923328
442713 673411 184 384243 30259761152
439096 670258 177 389546 33234356224
435016 667940 171 394696 33265809408
432883 664416 167.00014857 399691 33410054144
428617 663396 166 404380 33536032768
424352 662561 164 408991 33565290496
420086 661077 160.000014846 413872 33728643072
415913 663674 156 419175 38615511040
411647 664045 153 423671 38624477184
407381 663581 148.000044562 428129 38790365184
403115 663210 143.000000127 432548 38832484352
398849 662190 143.000133645 437390 39005962240
394583 660521 141.000222665 442348 40162828288
390318 658759 141.000326367 447343 40438763520
386052 657646 136 452070 40709992448
381786 657461 130 456489 40755773440
377520 657368 128 460794 40830803968
373254 656255 124.000014826 465597 41955643392
368989 655884 122 470094 42181906432
364723 656070 120 474436 42247397376
360457 654678 115 479278 42683478016
356747 650784 113.000088873 484927 42885386240
352482 650598 107 489346 43086757888
348401 649022 104.000133346 494188 43152531456
344135 646889 104.000162789 499338 43422715904
339870 645776 99.0001184891 504064 43630202880
335604 646147 96 508561 46637703168
331523 644014 94.0001331718 513710 46649868288
328741 648002 91 519013 46817382400
326794 645312 87.0000001179 523893 46848544768
323177 645776 82.0000463604 529235 46871097344
320581 649485 82 534346 46932963328
316315 650227 81 538919 46946189312
312049 648280 74.0001184239 543991 46984884224
307783 646889 69 548910 46990110720
305650 643365 64 553752 48068956160
303425 640304 60.000000117 558441 48090808320
299159 639192 58.000280762 563167 49545383936
294893 639377 54.0000001164 567817 49614696448
290627 641046 48.0000001215 572775 49750589440
286732 644014 45 578116 49948147712
285898 648280 42.0000002387 582727 49974747136
284507 652546 39 587569 50095042560
280333 656440 34 593410 50097463296
277088 660428 30.0000004753 598905 50185711616
273749 663581 26 604093 50200027136
273286 667847 20 608551 50202894336
271060 672113 19 613739 50211024896
268463 676100 14.0000004595 619042 50449649664
266701 680366 13 624037 51230732288
262436 683983 9 629801 51233017856
258355 686765 4 635142 51281805312
254553 690474 3.00007459437 640753 51350298624
250287 690103 1 645403 51358892032
246021 690103 0 649668 51369107456
