594892 1.01273e+06 1256.0002642 0 16200
595541 1.00874e+06 1224.00000059 4826.1 16621200
593037 1.00661e+06 1199 9652.2 44533800
592759 1.00281e+06 1196.00001535 14632 66209400
588586 1.00132e+06 1193 19496.5 110929504
584969 999469 1189.00003141 24668.3 150295504
584413 995481 1056 29225.5 244879200
581074 997429 1029.9999848 34397.3 324518400
577829 996316 1020.00003069 39415.5 342071104
575047 993255 1009 44433.6 417085184
570873 992884 1000.00000042 49375 464818496
568833 990844 982.000001598 54508.4 491896800
566793 988248 948.000015351 59334.5 516593696
565588 985280 933.000077249 64045.3 570555904
564753 982313 918 69140.3 1076141696
563640 978510 912.000076849 74312.1 1118180736
563084 974523 905 79176.6 1129690752
560765 970813 902.00001534 84348.5 1611778560
560673 967568 900 89328.2 1620712832
557334 968217 896.000000408 94423.2 1657421952
558354 964786 891.00003082 98942 1708516864
555665 962375 882.000046018 103883 2599938048
555294 959129 876.000000284 108825 2878553600
554552 955790 866.000000871 113651 3009684480
552790 953750 854.000015331 118362 3018124800
550101 951339 850.000091992 123303 3088902656
547319 948557 843 128206 3121221632
545835 946053 838 133147 3234662144
543424 942993 824 138089 3328233216
541384 941045 816.000000405 142953 3356964096
539807 938449 808 147971 3405896192
538416 935667 803.000091934 152989 3446217984
537211 933812 799.000000144 157854 3471587072
538973 931215 789.000153311 162872 3499774976
535078 929824 778.000061536 167660 3567782656
533687 926115 770 172755 3593702656
530255 924075 728.00000014 177619 3653966592
528030 923147 721 182445 3674184192
525248 922220 701 187348 3681790208
523300 918418 680.000015575 192635 3707645440
521260 915450 625.000030746 197692 8328727552
517551 914059 610.000000412 202633 8476755456
514212 915821 574.000092376 207421 8497426432
510410 916934 533.000275528 212132 8595898368
507257 917862 499 216958 8607643648
503455 916192 481 222283 11798622208
500302 914801 465.000276876 227302 11832738816
497056 912947 432.000000131 232243 11948739584
495387 916749 414 237184 11962995712
491677 914338 402.000001895 242164 12009408512
487690 913225 390.000000141 247028 12143633408
485279 913503 378.000064632 251893 12461793280
481940 913132 357 256873 12483193856
478138 913132 352.000107139 261660 12738035712
476005 909423 330.000002022 266525 12813584384
473038 906270 315.000045865 271505 13271460864
470348 909979 303.000094013 276600 13309871104
466453 909423 239.00007717 281656 13582995456
463208 907104 214.000214057 286406 13691956224
459406 905713 161.000199135 291385 13770267648
455325 904879 105.00004655 296096 13780424704
451152 905435 70 300807 13876879360
448185 903858 63 305902 13888827392
449483 900335 61.0000001287 311112 26129248256
448834 897089 56 315862 26171455488
446144 895327 53 320534 26186659840
446886 891154 51 325091 26265894912
444753 889021 50.000030686 329840 26423691264
440858 887444 48 335012 50228715520
436685 887444 44.0000152759 339339 50244177920
433347 884570 42 344588 50463649792
433440 880396 42 348799 50464149504
429730 880025 41 353933 50818785280
425557 880675 41.0002008366 358528 50835607552
425557 884848 41 363009 50864013312
423610 882158 41.0000020245 367681 50876440576
420642 879005 41 372661 50903486464
417489 875574 39.0000152608 377833 50938171392
413316 876502 29.0000309287 382620 50959069184
409421 877614 26.0000153977 387754 51675959296
408587 881417 24 392964 51733880832
406175 885033 21 397905 51762515968
402002 885311 21 402347 51777331200
398107 881787 21.0000012825 407942 53347897344
397922 877614 21.0001068747 412652 53360975872
395047 879005 19.0000610792 417402 53399539712
393471 882344 17 422343 53416398848
390318 878264 16.0000610465 427784 53431439360
386145 881324 14 433224 54220632064
383270 884940 12 438358 54241415168
379097 888093 11 443837 54310621184
374924 888279 9.00007650838 448087 54822825984
371771 884199 8.00006109603 453528 55005048832
367968 883549 5 458430 55364497408
363795 885590 5 463449 55372197888
359622 885219 2 467775 55461605376
355449 884755 1.00000000001 472371 55752802304
