397458 528280 964.999985702 0 0
393842 525313 856.000029066 5226.13 26794800
390225 523458 721.000201645 10145 95920200
386052 523365 629 14948.6 160169408
383641 521140 570.000001122 19752.2 249212704
379839 519007 537.000000379 24786.2 294321600
377149 516225 500.0000291 29628.3 369465312
372976 515854 459.000028966 34623.9 443653184
371307 512330 427.000000126 39888.5 469864800
369081 508991 400.000028808 44922.5 572337920
367783 504911 382.000000233 49726.1 766640704
365094 501480 349.000086285 54760.2 791054080
361755 499625 325.000014423 60024.8 999620992
361662 495359 304.000014295 65174.1 1101932160
362312 491371 279 70361.8 1137069952
361384 487291 257.00001426 75472.7 1163516416
360642 483118 243 80391.5 1443006848
357768 479409 222.000000121 85694.5 1521147648
354615 476627 194.000028557 90805.4 1578066304
351925 473288 173 95801 1752224384
350812 469300 153 100720 1775187840
350163 465220 130.000056948 105869 1863769472
351091 461232 111.000014394 110865 1924082048
348216 458543 103 115976 26254505984
343950 458358 97 120779 26283147264
339870 458172 91 126044 26303436800
335604 455854 85.0000424231 131501 26320025600
331523 454926 80.0000565348 136535 26582740992
331152 458821 79 141569 26600003584
326887 457245 72.0000142528 146487 26670999552
322714 453906 68.0000423968 152098 27681507328
319282 455947 60.0000008377 156863 28360634368
315944 456688 57.0002404526 161513 28396486656
313069 457894 50.0000009047 166393 28428587008
309916 459192 49.0002687434 171197 28525608960
305743 458265 43 175962 28562114560
303796 462345 37 180958 28614164480
299530 462253 33 185262 28617324544
295449 461789 28 189950 28843702272
292945 466055 26 195253 29407244288
288680 466982 23.0000283583 199903 29980764160
284414 466982 18.0000145094 204246 29999167488
283208 462809 14 208973 30158186496
282559 458543 8 213661 30263932928
278479 456874 5.00000011403 218772 30329907200
274862 455668 1 223422 30339424256
