582836 611835 1083.00038325 0 32400
582280 607847 1003.00001539 4995.66 16353900
578663 609516 880.00000096 10068.1 30690900
577365 613782 865.000029852 14948.6 48000600
574119 615359 843.000088433 20213.1 103161600
570039 616564 831.000147136 25132 120285000
566608 615544 810.000000277 30166 203415296
565680 619439 799 35276.9 221583600
561693 620366 781 40195.8 292426208
560116 624447 770.000029487 45268.2 335502016
558261 627692 760.999985518 50263.9 449679616
557612 631773 752.000000131 55490 468463488
556036 634369 744 60408.9 487960192
553161 636039 735.99998536 65250.9 597456000
550564 638357 732.000000135 70016.1 1492643712
547319 638635 727.00001478 75203.8 1596639616
543053 639099 722 80122.6 1651768192
542589 642623 719.000000269 85041.5 1732914048
539900 644385 714.000044387 90152.4 1798394368
537303 642808 710.000014794 95071.2 1811297664
536932 646889 706.000029606 99874.8 2154672896
534985 650042 699.000059408 104947 2232384256
531183 650227 695 109943 2248908288
528215 649114 690.000000263 114900 2342957312
526639 653009 685 119896 2992698880
522373 652824 658.000015212 124776 3070969088
518200 653566 650 129618 3164248832
514027 654678 637.000014828 134768 3520114176
510781 656070 625 139879 3836378624
506608 655513 610.000030202 144797 3920732160
503269 656719 595.000074139 149716 3949025280
500673 657646 590.000001544 154673 4006681088
499282 661170 587.000029682 159515 4113698304
497149 658666 583 164396 4207067136
493625 657368 577.000090321 169430 4313687552
490286 655606 574 174041 7789510656
486762 653937 559.000000132 178999 7848673280
482775 653566 556.000030028 184225 7889229824
479622 656348 544 189336 8214882304
477118 660335 537 194523 8361961984
474336 661634 528.00000065 199558 8566981120
470627 662561 522.000014845 204899 8620732416
467381 664508 495.000015738 209703 8899275776
464784 667940 467.000001062 214698 8972069888
461446 668496 422.000002621 219655 9069172736
458107 669516 313.000075498 224651 9102221312
454212 669702 257.000000128 229608 9143596032
451523 671742 210.000046566 234758 9162542080
447535 674153 191.000193405 239907 9172390912
443919 677028 185 245095 30207281152
442528 673411 184 250129 30259777536
438911 670073 177.000000131 255509 33235822592
434831 667754 171 260658 33265825792
432698 664230 167.000118793 265654 33410295808
428432 663210 166 270342 33536397312
424166 662376 164 274953 33715554304
419900 661077 160 279757 33728659456
415727 663767 156 285098 38618103808
411461 663952 152.00001498 289595 38624686080
407196 663581 147.00004456 294014 38790705152
402930 663210 143 298434 38832500736
398664 662097 143.000178148 303314 39006134272
394398 660428 141.000148401 308271 40163201024
390132 658666 141 313267 40438886400
385866 657646 136 317955 40710008832
381601 657461 130 322375 40755789824
377335 657368 128 326679 40830820352
373069 656162 124.000089002 331521 41955893248
368803 655884 122 335979 42181922816
364537 656070 120 340322 42247413760
360271 654586 114 345202 42683518976
356562 650784 113.000088872 350812 42885578752
352296 650598 107 355232 43086774272
348216 649022 104.000133224 360074 43153334272
343950 646703 104.000103612 365300 43423006720
339684 645776 99.0001331605 369950 43630325760
335418 646240 96 374485 46637879296
331338 644014 94.0000887796 379595 46649892864
328556 648187 91 384975 46817570816
326794 645127 87.0000012969 389779 46848602112
323085 645961 82.0001645531 395159 46871429120
320395 649485 82 400231 46933045248
316129 650227 81 404804 46946205696
311864 648187 74.0000443962 409915 46985007104
307598 646796 68.0000149247 414834 46995972096
305650 643179 64 419638 48068972544
303239 640304 60 424326 48090824704
298973 639006 58.0002955868 429130 49547755520
294707 639377 54 433703 49614712832
290442 641046 48 438660 49750654976
286732 644199 45 444001 49948164096
285898 648465 42 448613 49974771712
284321 652731 39 453532 50095169536
280148 656626 34 459372 50097479680
276902 660614 30 464867 50185916416
273564 663767 25.0000001208 470055 50200162304
273100 668032 20 474513 50203525120
271060 672298 19 479624 50211106816
268278 676286 14 485004 50449764352
266516 680552 13 489999 51230920704
262250 684168 9 495763 51233083392
258355 686950 4 501028 51281821696
254368 690382 3.00007457123 506677 51350405120
250102 690103 1 511288 51358908416
245836 690196 0 515592 51369226240
