393656 1.14414e+06 426.999893023 0 0
391894 1.14785e+06 404.000015292 5072.49 19626300
393749 1.14998e+06 396.00000013 9991.32 34020000
396902 1.1535e+06 381 15255.9 53743500
396253 1.15777e+06 374.000061525 20251.5 88662600
399220 1.16074e+06 365 25362.4 102991504
400519 1.16463e+06 352.000000377 30166 393433216
400519 1.16853e+06 336 35046.5 404400608
399591 1.17057e+06 317.000031345 40080.5 412265696
398571 1.174e+06 295.000000374 45268.2 440591392
396902 1.17715e+06 261.000122538 50302.3 513062112
395418 1.18058e+06 143.999911323 55298 533012416
394120 1.18457e+06 95.0000457728 60370.5 673417792
394862 1.18828e+06 85.0000001299 65327.7 758945728
392265 1.18976e+06 81.0000915014 70361.8 775178112
387999 1.18948e+06 78 74896.5 952308928
383919 1.19125e+06 68.0000457583 79815.3 1187046912
381508 1.19403e+06 63 85003.1 1278455424
377891 1.19625e+06 31.0000153804 90536.5 1358847872
376036 1.19829e+06 29 95724.2 1502250240
373718 1.20135e+06 23.0000001301 100835 1554195584
370009 1.20432e+06 23.0000304618 106100 1598429696
368618 1.20673e+06 18.000091348 110942 1606059904
366670 1.21016e+06 13 115976 1675574144
362404 1.21257e+06 8 121317 1689271168
360642 1.21517e+06 8 126005 2080209664
357675 1.21944e+06 8.00000075324 131501 2146451456
356191 1.2237e+06 8 136381 2172695296
355171 1.22797e+06 8 141069 2209574656
352667 1.23149e+06 8 146219 7875127808
351369 1.23427e+06 7.00007655475 151099 7898374656
350441 1.23817e+06 4 155979 7907843584
