590719 1.00865e+06 1173.99986189 0 0
586731 1.00986e+06 1130 5056.57480773 17042400
583022 1.01097e+06 1103 9882.67606118 135966592
580054 1.0131e+06 1082.00006139 14747.1895754 153422096
577458 1.01356e+06 1065.00000014 19765.3521241 315640800
573656 1.01486e+06 1065 24399.3920824 327620704
572357 1.01894e+06 1049.00000115 29455.9668903 448594208
570039 1.02043e+06 1016.00018566 34474.1294377 465223488
567813 1.02173e+06 1000.0000462 39453.8797268 478272608
567164 1.02525e+06 990.000107452 44625.6913122 517606208
565495 1.02868e+06 984 49490.204825 527075104
564846 1.03239e+06 975.999894929 54431.5428536 541760384
563733 1.03526e+06 932 59219.2318477 867874496
563176 1.0374e+06 908.000002917 63930.0963235 874654208
561693 1.04083e+06 886 68871.4343527 1501683328
559467 1.04389e+06 881.000030981 74043.2459372 1739555968
557612 1.04602e+06 873 79138.2330037 1908910848
558354 1.04945e+06 862 83849.0974786 1919805312
558725 1.05288e+06 843.000048244 88636.7864737 1965926656
559189 1.05678e+06 838.000061371 93578.1245032 1978117248
559282 1.06077e+06 838.000001506 98481.0502745 2204447488
560209 1.06392e+06 827.000000282 103691.274118 2241683200
559838 1.06735e+06 819 108709.436667 2258126080
562898 1.068e+06 817 113458.713403 2273135360
561414 1.07004e+06 807.000046023 118207.990137 2453481984
559467 1.07217e+06 803.000000432 123110.915909 2527864320
556221 1.07551e+06 794.000031353 128282.727493 2557226752
556499 1.07904e+06 788 133300.89004 2653640960
557334 1.08284e+06 781 138050.166775 2678402816
555943 1.08645e+06 776.999985333 142953.092545 2717801216
556499 1.09063e+06 773 147817.606055 2859753472
555850 1.0948e+06 766.000000284 152490.05827 2890557952
558354 1.09786e+06 761 157469.808557 3835382272
559653 1.10111e+06 757.000000843 162411.146586 3921542144
560487 1.10352e+06 753 167429.309136 3928524288
562249 1.10676e+06 745.000000145 172409.059426 4026817792
564011 1.10649e+06 736 177235.160678 4076738048
567813 1.10611e+06 723.000015326 182176.498709 4094703872
571708 1.10611e+06 702 187079.42448 4124981760
575047 1.10649e+06 674.000046128 191982.35025 4432757248
578571 1.10815e+06 669.000031631 196885.27602 4472933376
582651 1.10992e+06 620.000015321 201903.438567 4544586240
586546 1.1101e+06 595 206960.013373 4583531008
589884 1.10825e+06 579.000015321 211862.939144 4608251904
591553 1.11159e+06 560 216535.39136 15640217600
593037 1.11576e+06 552 221323.080355 15675557888
593872 1.11947e+06 539.000031524 225957.120314 15752904704
595727 1.12225e+06 499.000002877 230706.39705 15777212416
596561 1.12633e+06 487 235263.61249 16585721856
597025 1.1305e+06 457 240089.713741 16690990080
597303 1.13458e+06 454.000000846 244800.578219 17040212992
598787 1.13876e+06 452.000030741 249588.267212 17083296768
597396 1.14117e+06 443.000030608 254299.131688 17098176512
598972 1.14534e+06 438.000000283 259202.057459 17168978944
597674 1.14896e+06 379.000046156 264143.395489 17187074048
597025 1.15276e+06 268.000000281 269046.32126 17204271104
596747 1.15693e+06 242.000077249 273872.422511 17237164032
593315 1.16101e+06 237 279428.356685 17254361088
593037 1.16519e+06 233.999984873 283716.68631 17882159104
593779 1.16899e+06 218 288658.024341 17936308224
593130 1.17233e+06 207 293753.011406 18039502848
591461 1.17585e+06 196 298502.288142 18057791488
589421 1.17965e+06 181.999969618 303443.626171 18156337152
589792 1.18383e+06 131.000001504 308231.315166 18162427904
588030 1.18772e+06 65.000000143 313403.12675 18196520960
586917 1.19152e+06 48 317960.342189 21579104256
590997 1.19468e+06 45 323554.688621 21621491712
593315 1.19811e+06 43.00001524 328688.087945 21677883392
595356 1.20145e+06 40 333437.364678 21690552320
595819 1.20506e+06 36.0000001467 337879.343339 21974319104
597581 1.20868e+06 32 342782.269111 21987465216
598230 1.21285e+06 32 347224.247773 22042740736
596098 1.21684e+06 31.0000001466 352203.998061 22378209280
593408 1.2199e+06 27.0000005523 357030.099314 22394077184
591739 1.22407e+06 23 362355.559933 22404397056
589142 1.22778e+06 19 367565.783775 34708971520
588030 1.23196e+06 16 372507.121804 34787741696
584506 1.23483e+06 15.0001526784 377602.108869 34834812928
581724 1.23873e+06 15.0000009994 382812.332711 34885394432
581445 1.2429e+06 12 387254.311373 34887282688
581353 1.24698e+06 9 392042.000366 37222060032
581631 1.25087e+06 9.0001667316 397060.162912 37285937152
581353 1.25486e+06 9 401809.439646 49557061632
577179 1.25662e+06 6.00000013663 406712.365417 49601654784
573656 1.25885e+06 4 411538.466669 49611870208
569482 1.25829e+06 3.00019688105 416402.980181 49854300160
565309 1.25774e+06 3 420883.371103 49898172416
564011 1.26191e+06 3 425824.709132 50794995712
567813 1.26469e+06 3.0001362153 430996.520715 50920837120
566793 1.26887e+06 3.00013740826 436053.095521 50964496384
567535 1.27304e+06 3.00000094617 440840.784513 50995089408
566422 1.27721e+06 3.00012205923 445705.298024 51034689536
566144 1.28138e+06 3 449993.62765 51045388288
567813 1.28556e+06 3 454858.14116 51122647040
570410 1.28973e+06 3 460106.777261 51328856064
572450 1.2939e+06 3.00000013362 465278.588845 52590108672
571059 1.29808e+06 3.00012121952 470027.865577 53064224768
568462 1.30225e+06 3 475276.501678 53218013184
564289 1.30429e+06 3 480294.664226 53236568064
560116 1.30828e+06 2 486119.484212 53253767168
556407 1.31245e+06 2.00000083804 491829.06742 53263298560
553903 1.31662e+06 2.00000096847 497039.291262 53274128384
550843 1.3208e+06 2 502479.988658 53284667392
547690 1.32497e+06 1 507959.098314 53603176448
543517 1.32571e+06 0 512669.962788 53614743552
