783979 1.2174e+06 1076.99989305 0 0
786205 1.2212e+06 1035.0000152 5018.16254761 11396700
789173 1.22463e+06 1024.0000614 10113.1496127 68436896
791306 1.22667e+06 1006.00001519 14824.0140901 103096800
791955 1.22936e+06 988.000046977 19803.7643787 126100800
793346 1.23233e+06 966.000349468 24975.5759626 279692992
795386 1.23539e+06 890 30070.5630257 321181184
794829 1.23947e+06 880.000001361 34743.0152413 338628608
794922 1.24151e+06 851.000000619 39684.3532726 358651808
796591 1.24512e+06 843.000167124 44625.6913007 387066592
797890 1.24754e+06 833.000197049 49682.2661055 392477408
801228 1.24698e+06 819.000121271 54662.0163942 422585088
804938 1.24689e+06 811 59603.3544224 447857088
808369 1.24865e+06 806 64583.1047112 674729984
812171 1.2506e+06 804.000075769 69716.504035 716266816
816251 1.25078e+06 731.000003621 74696.2543231 745208128
818941 1.24856e+06 703.000182469 79637.5923514 1048787968
822743 1.24716e+06 656.000000473 85001.465232 1064234688
825525 1.24587e+06 634 90058.040039 1131310848
828863 1.24652e+06 600.000015967 94845.7290321 1145234688
832573 1.24698e+06 482.000394113 99633.4180245 1157384704
834891 1.24438e+06 471.000031139 104421.107018 1899247488
838415 1.24188e+06 459.000076335 109669.74312 2159549184
842588 1.24114e+06 451.000015968 114303.783078 2180835840
843423 1.23882e+06 443 119283.533368 2241853184
846854 1.23613e+06 426.000000311 124340.108173 2447382528
850934 1.2339e+06 414.000198939 129396.682978 2574617344
854458 1.23214e+06 396.000440012 134261.196489 2651535104
858168 1.23047e+06 388.00003037 139394.595816 2684485888
861135 1.22992e+06 386 144451.17062 2724718592
862990 1.22741e+06 386.000030378 149622.982204 2761865216
863732 1.22482e+06 375.000030558 154756.381527 2790749696
865123 1.22138e+06 236.000181741 159352.009226 2871911680
867070 1.21851e+06 115.000060997 164101.285959 2912322560
869203 1.21517e+06 52.0001370715 168965.79947 3047795200
872356 1.2122e+06 43 173945.549758 3067972096
874211 1.20905e+06 16 178925.300047 3634348544
877828 1.20812e+06 13.0000001641 183636.164522 3659304704
881444 1.20859e+06 9.00000015511 188769.563846 3686844672
884876 1.20831e+06 9.00000064164 193518.840582 3696815616
888399 1.20683e+06 7 198498.590869 3729402112
