837951 1.47771e+06 1662.00032307 0 502200
837766 1.4739e+06 1399.0000003 5203.63333859 14037300
841568 1.47233e+06 1318.00001413 10292.0299021 24372900
843979 1.46908e+06 1248.00007293 15418.838725 72908096
847781 1.46713e+06 1192.00029414 20660.884326 109609200
851120 1.46463e+06 1070.0002805 25787.6931465 142827296
853067 1.46046e+06 1061 30952.914227 190252800
854551 1.4561e+06 1061 35926.0740115 199430096
857240 1.45202e+06 1049 41283.3563867 457374592
859373 1.44859e+06 939.000134501 46525.4019864 510607808
861321 1.44441e+06 898.000000314 51613.7985474 534770112
859930 1.44015e+06 874 56740.6073699 571876224
859466 1.43579e+06 874.000000149 61291.232306 838196096
857982 1.43143e+06 874.000000312 66264.3920908 884244608
855942 1.42707e+06 874.00000197 71468.0254301 923059776
854922 1.42271e+06 874 76249.1239211 966856512
854366 1.41835e+06 874 80838.1611157 970963200
854366 1.414e+06 874 85196.7247562 971343872
858260 1.4101e+06 874 90976.5419812 2256489984
862155 1.40778e+06 874.000000953 96487.473394 3475045888
866050 1.40871e+06 874 101729.518993 3530279680
868090 1.40908e+06 855.000001391 106817.915558 3592860416
870409 1.4114e+06 787.000339198 111906.312121 3650176000
874025 1.41103e+06 757.000295439 116802.647388 3681271808
876437 1.41056e+06 378.000002379 121698.982657 3728332800
878848 1.40908e+06 198.000009219 126633.730182 3751693312
878477 1.40546e+06 155.000828043 131837.363521 3772364288
878755 1.40148e+06 117 136848.935566 3963038464
880146 1.39767e+06 60 141860.507611 4027230976
882279 1.39443e+06 38.0000148174 147025.728692 4130060288
882928 1.39007e+06 38 151653.178146 4145644800
882928 1.38571e+06 24.0000313994 156703.162449 4164129024
880610 1.38265e+06 19 161637.909976 4187351808
880332 1.37876e+06 13.0000445852 166841.543316 5147120640
884597 1.37829e+06 12.0000148667 171814.703105 5185149952
884876 1.37468e+06 10 176979.924186 5280973312
888214 1.37097e+06 8.00000031686 182836.565927 5304098816
892387 1.37087e+06 7.0000446596 188001.787008 5307022848
896097 1.37124e+06 6.00000015515 193243.832607 5366282240
897673 1.36754e+06 1 198370.641428 5376844800
