762836 1.37282e+06 301.00010234 0 0
760888 1.3756e+06 253.000000153 4995.66 32902200
758384 1.37866e+06 238.000000455 10183.4 57858300
756344 1.38043e+06 232.000014861 15409.5 150174000
753748 1.38265e+06 230.000312444 20213.1 166633200
750873 1.38469e+06 216.000000295 25055.1 265558496
748462 1.38664e+06 204 30281.3 301992288
747349 1.3909e+06 203.000001644 35008 342063008
746700 1.39517e+06 203 39850.1 669222016
746885 1.39907e+06 203 44730.5 686580288
745309 1.40296e+06 186.000089789 49803 833255104
742248 1.405e+06 181.000000572 55105.9 938960128
739837 1.40602e+06 173.000074091 59871.1 988807488
737704 1.40982e+06 149.000000443 64828.4 1019895296
735572 1.41353e+06 131.00000045 70054.5 1033665280
732604 1.41483e+06 123 75319 1090689280
729729 1.41817e+06 80.0000004413 80391.5 1248679808
726483 1.41919e+06 62.000059441 85425.6 1309859072
724722 1.42179e+06 47 90190.8 1330198144
722403 1.42383e+06 26.0000441991 95570.6 1380539648
722774 1.42735e+06 23 100451 1404629120
718972 1.42791e+06 20 105600 1446757248
715262 1.42559e+06 16 110673 1471454080
711646 1.42596e+06 14 115976 1501254016
707380 1.42466e+06 14.0001620461 120779 1516992256
706824 1.42846e+06 14 125160 1799544576
707473 1.43273e+06 10.0000007323 129772 3178739712
709420 1.43699e+06 9 134844 3205931520
710904 1.44126e+06 6 139725 3238258432
713593 1.44367e+06 0 144336 3607326976
