546762 471341 1319.99994345 0 2786400
545649 474772 1268.00000039 4918.84 25296300
546206 478759 1231.99998642 9991.32 56060100
547040 482562 1173.00001438 15025.4 70915504
545649 485900 1139.00008635 20021.1 85317296
544073 488311 1083.00027196 24939.9 140202896
541755 490908 1057.00008608 29935.6 229691696
540827 493690 1038.9999886 34969.6 261573296
540734 496008 1007.00002861 39850.1 302940000
540456 499161 981.000000399 44999.4 317422784
538509 501758 945.000132651 50071.8 413642688
537118 503891 926.000000657 55182.7 441757792
536283 507415 898.000002229 60332.1 466762496
534150 511310 865 65481.4 518140800
531554 514741 839.000001935 70553.9 534721504
530812 517987 814.000014388 75549.5 576752384
532110 521325 797 80660.4 600841792
532666 525127 789 85656.1 618054272
533316 529300 767.000001206 90459.7 781868672
531368 533381 759.000000533 95609 801608384
531832 537646 753.000028908 100605 823486528
529977 540799 749 105408 937777472
529421 544509 745 110442 1000868416
528864 548775 736.000014631 115169 1030271424
528215 552948 730 120280 1047718784
526546 556935 725 125352 1082921344
525526 561016 720.000000131 130579 1136608256
522744 564261 715.00000013 135805 1162900736
520518 567878 712.000000129 140877 1191817856
519405 572144 712.00002941 145681 1299888000
517829 576317 708.000029185 150715 1319060736
515789 580305 707.0000146 155864 1386922496
514398 584478 704.000000253 160898 1444270464
513007 588558 702 165817 1463702400
513470 592546 698.000015045 170698 1557532800
515510 595792 695 175847 1577596544
515418 600057 694 180382 1720812544
514769 604323 693 185531 1766942080
514119 608496 691 190181 2019824128
512914 612762 690 194946 2055860992
510688 616750 687.00002944 200479 2337489920
510503 620088 685 205360 2376742400
507535 623056 680 210471 2401115392
504197 623148 677.00000041 215543 2483184640
502064 625560 665.000044239 220693 2631722496
503177 629454 658 225727 2658638592
503733 633535 654 230761 2692942080
504197 637337 649.000029557 235795 2722418176
505680 640212 639.000015042 240637 2744377088
505217 644014 637 245901 3082795264
502342 645590 633.000059338 251320 3108302080
499931 642994 628.000162687 256123 3128219904
496036 641696 619 261080 3147595264
493161 642066 604 266153 3239959552
495016 645683 593.000088836 271225 3383094528
497705 649022 585.000059225 276221 3399594240
494645 652917 581.000059534 281678 3439843328
491677 656348 577 286827 3449887232
488710 654122 569.000014826 291707 7829095424
484537 654586 558.000029647 296665 7884880384
481569 655420 553 301814 8176212992
478509 658666 540.000015625 307002 8352412160
475541 661912 535.000000806 312074 8474309120
472574 662932 526 317377 8587101696
468308 662932 506.00001498 322411 8887165952
466082 666641 488.00000013 327368 8905552896
463300 668496 448.00002999 332172 9050963968
460055 669609 353.000075138 337321 9076648960
455789 669516 264.000921734 342317 9116541952
453192 671835 237.000371924 347236 9151898624
449205 672484 206.000208575 352270 9170082816
445773 676286 187 357765 9179657216
443270 674802 185.000014753 362837 30223691776
440580 671835 178 367833 30280083456
436593 669052 175 373136 33241290752
434645 665529 167.00001485 378055 33269794816
430379 663674 167.00020786 383089 33532444672
426114 662654 165 387777 33559410688
421848 661263 161 392619 33719375872
417582 662097 158 397385 34720649216
413409 664045 154 402495 38624321536
409143 663859 149 406838 38625099776
404877 663303 146 411334 38795022336
400611 663303 143.000237643 415754 39000915968
396345 660984 141.000148417 420980 40159485952
392080 659593 141 425822 40434294784
387814 657739 139 430856 40699568128
383548 657461 132.000029668 435314 40754462720
379282 657368 128 439618 40830648320
375016 656904 125.000029664 444153 41947566080
370750 655791 122 448880 42137391104
366485 655884 120 453184 42182393856
362219 655977 118 457565 42248249344
358509 652267 113 463137 42812178432
354244 650598 109 468171 42889596928
350163 649764 105.000266612 472706 43146117120
345897 647909 104.000059239 477740 43198570496
341632 646332 102.000118375 482659 43429875712
337366 645683 96 487193 43636977664
333285 645127 96 492074 46646870016
330503 646240 92 497108 46710505472
327072 647074 89 502603 46842097664
324476 644014 83 507522 46856085504
322343 648280 82 512671 46880808960
318077 650042 82 517667 46941515776
313811 649114 75.000281309 522470 46980759552
309545 646981 71 527619 46989574144
305650 645127 65 532577 48068460544
305187 640954 62 536996 48090484736
300921 639934 59.0000443272 541685 49473536000
296655 638821 56 546411 49548730368
292389 640861 51 551522 49749446656
288123 642345 47 556403 49918382080
286361 646518 44 561360 49957371904
285805 650784 40 565856 49975201792
282095 654771 36 571543 50096586752
278108 658759 31 577346 50180739072
274955 662097 29 582533 50193981440
273564 666085 22 587260 50200375296
271616 670351 20.0000004797 592333 50208206848
269947 674338 16 597251 50220445696
267721 678604 13.000045014 602439 50453135360
264198 682499 10 608011 51232256000
259932 685096 7 613352 51260461056
256130 689269 4 619155 51313930240
252049 689918 2.0000447491 624150 51358412800
247783 690103 0 628493 51359109120
