493439 403180 921.000500603 0 0
495851 400398 599.000048477 4803.59987508 17301600
497983 397987 488.000305582 9645.6120081 73248304
499745 394834 369.000015527 14641.2731782 111658496
500395 390754 313.00000084 19560.1098326 120795296
500116 386766 288.000027815 24594.1832618 251180992
500395 382871 271.00005555 29589.8444306 312813888
498911 378976 254.000014186 34777.5668958 327466816
497242 374803 234.00000025 39773.2280668 443312992
496963 370815 225.000000125 44884.1260129 497955584
497613 366735 206.000027492 49802.9626668 1094455808
498447 363118 196.000013739 54683.3870599 1106994560
499189 360151 182.000000376 59640.6359705 1131910144
500487 356070 167.000014188 64444.235845 1165525248
503177 352825 157.000013806 69478.3092741 1248339584
506144 350877 140.000054587 74243.4968875 1424352640
507535 347539 124.000027318 79392.8070928 1446830080
510039 345591 113 84503.7050409 1457846144
513378 343366 102 89614.6029887 7093817856
512821 339285 98 94341.378346 7103286784
509761 336318 94.0000009496 99413.8640343 7173108736
509575 332145 94 104639.998758 7976110592
510688 327879 87 109366.774115 7990496256
511430 324077 77.0001083347 114592.908841 8054915584
507628 322871 70.0000012067 119626.98227 8945494016
507350 318605 66.0000135161 124008.047298 8955594752
511337 317214 58.0001080716 128734.822653 9232703488
515603 317585 55.0000135143 133231.124454 9458710528
519591 314525 50 138649.320473 9490591744
521167 310723 47 143376.095831 9536575488
525062 308961 40 148371.757001 11734113280
525062 304695 34.0000006239 153482.654948 11809119232
527010 300986 31 158631.965155 11871699968
528957 298853 26.0000135461 163512.389548 11878277120
531368 296349 21.0000008673 168277.577163 11886515200
535170 296071 18 173311.650591 12030548992
538323 292083 13.0000267812 178768.25887 12153920512
539993 288374 9 183495.034227 13539255296
541940 284757 7 188682.756693 13602565120
543702 281326 4 193716.830122 13620433920
545093 277431 2 198942.964846 13684359168
