772805 1.08219e+06 1240.00025922 0 3248100
775911 1.08339e+06 1106.00003068 5080.44112499 20104200
779343 1.08145e+06 1005.00000247 10168.8376891 33372000
781476 1.07792e+06 939 15141.9974762 43326900
783887 1.07458e+06 926.00012737 20230.3940404 173655904
787874 1.07403e+06 905 25434.0273818 211466704
791584 1.07264e+06 881.000276161 30560.836205 339373792
794829 1.0731e+06 811.00029026 35572.4082513 362880000
797797 1.0718e+06 568 40737.6293334 805123776
801785 1.06985e+06 480.000429602 45826.0258978 933484480
803083 1.06781e+06 423.000046342 50530.2998719 992274304
806421 1.06735e+06 384 55580.2841772 1071548992
809203 1.06754e+06 315.000184128 60438.2071872 1110542336
812727 1.07023e+06 284.000002817 65795.4895644 1275863424
815417 1.06726e+06 258.000001567 70922.2983875 1410582656
818013 1.06605e+06 206.000199476 76202.756247 1440001792
818199 1.06207e+06 181.000001255 81175.9160341 1468902656
821630 1.06364e+06 165.000000157 86571.6106706 1512464384
825247 1.06448e+06 157 91967.305307 1567520128
827843 1.06207e+06 154.99994161 97209.3509072 1604188800
830625 1.06355e+06 149.000000631 102144.098435 1620323968
831553 1.06281e+06 146.000000473 107155.670481 1654198144
834520 1.06049e+06 89 112282.479305 1664226048
836653 1.06067e+06 34.0000003161 117409.288128 1692940544
838137 1.05696e+06 22.0000001582 122267.211138 1704029440
841290 1.0553e+06 18 127432.43222 1721023232
840919 1.05149e+06 17 132559.241044 1960086656
841475 1.04732e+06 17 137148.278241 2023153152
844165 1.04621e+06 14 142198.262546 2488449536
847503 1.04769e+06 7 147440.308146 2506212864
851213 1.04667e+06 5.00000031807 152490.292452 2575330304
853346 1.04445e+06 5.00000015916 157540.276757 2883033088
