455511 1.09387e+06 570.00003042 0 8100
453007 1.09554e+06 541.000000276 5072.49 6609600
449390 1.09666e+06 536.000000272 10221.8 40556700
445866 1.09795e+06 329.000231542 15255.9 57380400
441693 1.09897e+06 303.000000136 20289.9 219736800
439560 1.09564e+06 299 25362.4 251180992
436871 1.09434e+06 295.00003067 30204.4 833465728
433718 1.09341e+06 275.000030663 35008 875561408
429823 1.09267e+06 270.000000401 40349.4 913396480
426670 1.09053e+06 267.00006174 45652.4 926291712
427876 1.08673e+06 262.000000133 50840.1 965447104
426114 1.08312e+06 256.00007671 55874.2 1410679808
423981 1.0821e+06 252 61061.9 1430589568
422219 1.08163e+06 249 66019.1 1465192832
418602 1.08312e+06 244 71245.3 1474977536
417582 1.08043e+06 240.00006134 76586.6 1506235520
414429 1.07913e+06 234.999954382 81620.7 2451845632
411369 1.08228e+06 231 86693.2 2467478784
411276 1.08543e+06 229.000015336 91765.7 2791332864
409328 1.08831e+06 228.000000763 97107.1 2815122688
412018 1.09128e+06 222 102103 2865836800
410441 1.09489e+06 218 107367 3180124672
406175 1.09471e+06 218 112171 3266948608
404784 1.09165e+06 217 116974 3278442496
402651 1.09443e+06 210.000276094 121740 3327463680
399406 1.09573e+06 204.000124188 126735 3473595904
398571 1.09934e+06 200 131846 3482481664
395140 1.10157e+06 196.000061338 136919 3649349632
391616 1.09999e+06 195.000030654 142375 3680785920
389390 1.1038e+06 190.000000395 147371 3719115008
387257 1.10491e+06 184 152213 3777216256
384939 1.10435e+06 179.000000905 157132 3805728256
382621 1.10704e+06 177.000000747 161935 3888299776
383455 1.11103e+06 175.000000125 167123 3914487040
379189 1.11112e+06 171 172119 3927584768
376593 1.11363e+06 165.000307507 177114 3963508224
373254 1.11428e+06 137.000031129 182110 3985086720
370101 1.11576e+06 124.000168664 187451 4012780544
368803 1.11205e+06 114 192562 4030252288
367412 1.11465e+06 109.000045965 197558 5655695360
368247 1.11854e+06 109.00000079 202707 5666508800
365465 1.12086e+06 97 207549 5718721536
362961 1.12327e+06 84.0000459573 212699 5786664448
362033 1.12679e+06 74.0001990936 217810 5891478528
359066 1.12809e+06 74.0000006356 222767 5916239872
359159 1.13217e+06 71.0002448863 227609 5938377216
355356 1.13217e+06 71 232681 5957922816
351091 1.13273e+06 67.0000765271 237639 5984709120
347567 1.12967e+06 64.0000006429 242865 6308288000
345990 1.12911e+06 59.000000657 247784 6326302720
343764 1.13023e+06 52.0000006514 252741 6371346432
343950 1.12652e+06 46.0000612582 257698 6381244928
340055 1.128e+06 39.0000001249 262732 6457263104
336438 1.12735e+06 35 267997 6473220096
332173 1.12577e+06 31.0000006408 273300 6520078848
329483 1.12151e+06 28.0000163595 278679 6655632384
328370 1.11752e+06 25.0000012992 283598 6668908032
326887 1.11363e+06 20 288402 7038284288
324290 1.11687e+06 17 293628 7054136320
320859 1.11594e+06 16.0000311401 298931 7068132864
318170 1.11446e+06 10 304234 7075811840
313904 1.11326e+06 10 308999 7169058816
310380 1.11103e+06 8 314110 7272398848
306114 1.11363e+06 6 319451 7313012224
301848 1.11242e+06 1.00015322466 324370 7328977408
