620858 643736 1536.99982005 0 469800
618169 646240 1217.00001535 5187.72 20144700
617427 650227 1203.99997079 10260.2 38353500
619374 653751 1190.00008895 15486.3 56829600
621043 657182 1174 20558.8 189993600
622898 660243 1149.00000125 25631.3 199462496
623454 664508 1124.00000028 30511.7 205723808
627164 665158 1090.00004458 35507.4 309257984
628184 669238 1081 40118.9 574289984
628462 673504 1081 44500 621691200
628091 677770 1081 48996.3 665350208
628369 682035 1081.00013408 53377.4 865744192
629482 686301 1071 58104.1 998559872
626422 688712 1071 63023 1005866112
622342 690382 1071 68057.1 1156453248
623269 694462 1071 73014.3 1175107456
620765 698728 1069.00000014 78317.3 1215178240
617983 700953 1067.00000028 83274.5 1394487936
613995 701974 1063 88385.4 1958280320
612048 704941 1053.99998519 93534.7 1972212352
614274 708280 1047.00000014 98492 2030815744
610564 710320 1039.00001554 103526 2048060672
607318 712453 1036.00003024 108483 2092051840
608895 715327 1034.00000042 113748 2326749184
606113 717924 1029.00007509 118859 2446418688
602774 718388 1027.00000082 123854 2523668480
605742 720984 1023.000015 128812 2536563712
605000 723859 1019.999985 134115 2607276544
601105 723859 1001 138918 2637238528
598416 726270 987.000015151 143837 2661425152
594614 727661 975.000015156 149025 2820314624
593686 731834 973.000060065 153944 2835623680
592945 735544 946.000015729 158901 2895499008
589421 737677 912.000000284 163897 4484427264
587566 741386 823.999986837 168700 4515158528
584042 742313 805.000045933 173811 5180986880
580518 739995 786.000226016 178960 5249140224
576252 741108 772.000150431 183918 5303086080
572172 738975 760.00004539 189144 5464275968
568184 736286 753 194408 5557952512
563918 735729 737.000030051 199289 5644849664
561229 733967 729 204400 5668971520
559189 731371 726 209126 5725120512
555387 733225 717.000075091 214429 6016744960
551863 735451 707.000030049 219540 6357430784
547690 735544 700 224497 6424409600
543980 739068 666.000075581 230069 6461369856
540549 739531 647.000000132 235103 6474832384
537952 742221 640.000135409 240099 6880277504
534521 744539 627 245133 7150874624
530348 745559 607.00003037 250244 7978110976
527381 742313 602 255470 8081556480
524969 739531 586.000045363 260658 8196535808
521075 739253 581 265654 8230466560
516809 740737 581.000045251 270764 8353894400
513099 739531 572.000030195 275683 8444314624
509204 739531 555 280871 8515359744
505866 742684 541.000046163 286059 8535553024
502527 743148 522.000060158 291054 9684838400
498911 742406 518.000001094 296050 10239217664
496036 740922 464.000048 301046 10302301184
493254 738048 439.000015034 305965 10373378048
489174 736564 430.000360624 311075 10886440960
485001 736007 407.000015414 316148 10984507392
481569 734802 385.000000676 321105 11024844800
479344 730814 345.000150147 326178 11050133504
477860 727383 344.000000389 330943 11127625728
478973 723117 341 335670 11611049984
479436 718851 337 340588 11643409408
479158 714586 333.000030093 345354 11970569216
477489 711154 333.000014975 350119 12068125696
473223 709021 333 355268 12175474688
469143 708094 327.000000396 360072 12232700928
468030 707352 322 365106 12330491904
465712 703457 311.000046517 370255 12347453440
461909 702715 289.000001413 375020 12376605696
461909 698450 284.000005263 379593 12404874240
459962 694462 242.000343315 384935 12421941248
459406 690567 222.000417656 389892 19688556544
455511 688249 203.000283403 394965 19823267840
451245 690196 198 400037 19829075968
449947 686765 194 404572 20491978752
447628 682499 193 409798 20534714368
444382 679161 187.00000026 415178 20956385280
442899 675080 185 420135 30223091712
440858 672113 180 425169 30279946240
436964 669052 175 430549 33241257984
434831 665899 168 435391 33266771968
430750 663674 167.000207864 440502 33532379136
426484 662654 165 445190 33559377920
422219 661263 161 450032 33719345152
417953 661819 158 454682 33963874304
413780 664045 155 459908 38624292864
409514 663859 149 464251 38625067008
405248 663303 146 468747 38794989568
400982 663396 143 473128 38921732096
396716 661077 141 478354 39015432192
392451 659779 141.000118675 483158 40432250880
388185 657831 140 488230 40699285504
383919 657553 132.000074136 492688 40753983488
379653 657368 128 497031 40830619648
375387 657090 125.000014957 501489 41633230848
371121 655791 123 506292 42137358336
366856 655884 120 510597 42182361088
362590 655977 118 514978 42248216576
358880 652638 113 520396 42811531264
354615 650598 109.000015057 525507 42887581696
350534 649949 105 530042 43145158656
346268 648002 104.000074016 535114 43198296064
342003 646332 102.000044393 540071 43429744640
337737 645683 96 544606 43636944896
333564 645498 96.0000021225 549371 46646394880
330782 645869 92 554405 46701764608
327072 647445 89 560015 46842064896
324846 643921 84.0000591701 564896 46855925760
322621 647909 82 569968 46879793152
318448 650042 82 575079 46941413376
314182 649300 76 579806 46978752512
309916 646981 71 585032 46989541376
305743 645498 66 589951 48068349952
305558 641232 63 594294 48089522176
301292 639934 59.0000295515 599097 49473019904
297026 638821 56 603824 49548697600
292760 640675 51 608858 49740488704
288494 641974 47 613662 49918349312
286639 646147 44 618657 49956491264
285805 650413 40 623269 49975169024
282466 654400 36.0000001142 628802 50096553984
278479 658481 31 634643 50166153216
275326 662097 29 639946 50193948672
273564 665714 22 644673 50200342528
271802 669980 20.0000599085 649668 50208043008
270318 674246 17 654626 50220122112
267814 678233 13.0000750194 659813 50452946944
264568 682128 11 665270 51232198656
260303 685003 8 670727 51260284928
256500 688898 4 676414 51313483776
252420 689825 2.00007456629 681525 51358089216
248154 690103 0 685906 51359080448
