692079 1.07245e+06 1206 0 16200
687906 1.07394e+06 1206.00004602 4842.01213171 21084300
683640 1.07403e+06 1198.00016879 9376.72619213 59202900
681043 1.07514e+06 1165.00000075 14333.9751018 69741000
679652 1.07922e+06 1111 19329.6362683 84904200
679745 1.08312e+06 1073.00003097 24248.4729176 134816400
678817 1.08738e+06 1067 29205.7218242 196068608
680672 1.09137e+06 1002.00000044 34278.2075095 235110592
680394 1.09545e+06 901.999969919 39043.3951213 382976096
680579 1.09972e+06 859 43923.8195101 465020992
680579 1.10398e+06 794.000001858 48727.419383 527026496
682063 1.10788e+06 774.000184232 53531.0192574 554477376
681600 1.11159e+06 747.000001054 58296.2068698 620702976
681600 1.11567e+06 733.000076578 63022.9822225 638806528
684011 1.11891e+06 719.000015322 68325.9414639 804905088
684753 1.12281e+06 709.00000058 73129.541337 899399680
685773 1.12605e+06 698 78317.2638009 977329792
687720 1.12995e+06 686.000045944 83389.7494877 1046017792
689760 1.13412e+06 676.000000147 88615.8842064 1836853248
689482 1.1382e+06 663.000001618 93457.896337 2221878528
689946 1.1421e+06 636 98530.3820195 2231606784
688276 1.1459e+06 618.000153005 103449.218669 2269109760
686607 1.14924e+06 611.000000153 108636.941133 2444636672
687813 1.15304e+06 602.000000438 113671.014559 2578286592
689018 1.15666e+06 593.00000015 119012.386057 2596957184
691800 1.15944e+06 575.00000182 123969.634965 2838361600
691800 1.1625e+06 566.000000303 129195.769686 2849693440
692357 1.16621e+06 553.000000455 134153.018595 3490273792
696437 1.16676e+06 528.000046586 138802.969432 3593880832
694583 1.1701e+06 516.000002599 143452.920268 3605382912
691893 1.17353e+06 494.000001443 148563.818211 4626379776
693377 1.17734e+06 479 153559.479379 4643762176
692264 1.18095e+06 465.000000296 158555.140546 4837182464
688555 1.18151e+06 459.000015257 163512.389455 5145201152
684382 1.18308e+06 451.000122015 168546.462881 5168164352
680765 1.18308e+06 440.000002093 173542.124049 5232081408
679096 1.18457e+06 419.000000892 178499.372956 5335688704
675294 1.18661e+06 401.000015256 183418.209606 5351370240
674088 1.1905e+06 393.000045727 188183.39722 5599651328
671584 1.1931e+06 384.000000145 193255.882905 5623919104
671491 1.19644e+06 370.000045725 198251.544072 6322981376
672141 1.2007e+06 369.00000058 203016.731684 6398675968
674552 1.20376e+06 357 208089.217369 6445906944
674737 1.20803e+06 354.000001048 212969.641758 6523537408
677983 1.21035e+06 344.000122916 217926.890665 6541997568
673717 1.21239e+06 341.000076234 223037.788609 6586579968
675294 1.21647e+06 330.00000015 228263.923331 6737005056
673903 1.21925e+06 325.000000895 233105.935462 6759531008
673810 1.22342e+06 316.000000291 237909.535333 6850243072
674552 1.22769e+06 310 242482.661649 7038616576
672048 1.22964e+06 307.000000986 247209.437002 7095624192
671306 1.2339e+06 302.000076947 251859.387837 7119349248
669544 1.2378e+06 268.000001052 256778.224485 7161096704
666113 1.24002e+06 254.000030339 261773.885651 8083573248
664258 1.24253e+06 212 266769.546818 8287579648
663145 1.24661e+06 191.000000147 271803.620244 8377829888
659621 1.24874e+06 127 276876.105929 8401716736
656283 1.25023e+06 104.000001913 281833.354837 8454374912
654799 1.2544e+06 89 286675.366967 8479282688
653037 1.25866e+06 80 291671.028134 8488038400
651924 1.26293e+06 76.0000002967 296474.628005 8667890688
651090 1.26673e+06 70.0000151235 301431.876912 8690084864
647937 1.26784e+06 68.0000151222 306773.24841 8749506560
644505 1.2672e+06 64.0000152789 311960.970871 8798868480
642558 1.26293e+06 60.0000152808 317033.456557 8804861952
641260 1.26043e+06 57 321875.468687 9177948160
637179 1.25699e+06 56.0000005647 327485.725997 9208039424
636716 1.25273e+06 52.0000005785 332020.440056 9276241920
632635 1.25208e+06 45 337169.750258 9305579520
629853 1.25291e+06 41.0000008688 342472.709498 10807918592
625866 1.25505e+06 36 347506.782926 10813678592
621971 1.25208e+06 31.0000152966 352848.154424 11011504128
617705 1.25115e+06 30 357651.754295 11070173184
613532 1.25366e+06 29 362916.301276 11137686528
611028 1.25152e+06 26.0000303205 367796.725665 11199132672
607782 1.24958e+06 25.0000154443 372907.623609 11211728896
603980 1.24874e+06 22 377941.697034 11411247104
599714 1.24883e+06 21 382706.884647 11801505792
595912 1.24772e+06 17 387933.019366 11907469312
592110 1.24911e+06 16.0000304535 392967.092793 11963294720
588400 1.24911e+06 16.0000002703 398077.990739 12084025344
584784 1.24948e+06 16.0000304633 403073.651906 12247491584
582465 1.25254e+06 9.00000111457 408184.54985 12264088576
579591 1.25495e+06 9 412872.912943 49559265280
575974 1.25839e+06 4 418291.10896 49607544832
571708 1.25941e+06 3 422979.472055 49619320832
567442 1.25764e+06 3 427975.133223 49884385280
564567 1.25987e+06 3.0001513845 432740.320835 50791440384
566051 1.2633e+06 3.00000056714 437812.806521 50904936448
568277 1.26701e+06 3.00022944213 442846.879946 50960932864
566515 1.27128e+06 3 447919.365632 50993483776
567071 1.27554e+06 3.0000008309 453030.263574 51017314304
566144 1.27981e+06 3 457680.21441 51045253120
567071 1.28407e+06 3 462330.165245 51121131520
569482 1.28834e+06 3.00003017779 467594.712224 51126517760
572543 1.29261e+06 3 473128.145016 51481550848
571337 1.29687e+06 3.00000086274 477970.157147 53061181440
568926 1.30114e+06 3.00001519267 483234.704127 53077446656
565309 1.3041e+06 3 488460.838848 53230002176
561044 1.30735e+06 2 494071.096158 53250146304
556963 1.31162e+06 2.00003105138 500027.0638 53261524992
554552 1.31588e+06 2.00000071145 505291.610778 53273133056
551492 1.32015e+06 2 510825.043571 53283823616
547968 1.32441e+06 1 516550.537659 53288378368
543980 1.32571e+06 0.00022510464 521469.374308 53614661632
