550286 501758 1165.99979927 0 16200
550193 505467 1017.00001434 4710.86447755 13097700
548246 509640 989.00005805 9997.91284216 49482900
548061 513072 960.00000013 14939.2508754 72648896
548432 516225 944.000100649 19919.0011662 90428400
551585 517894 922 24591.4533856 146180704
551677 521047 904.000000264 29763.2649728 153681296
552790 523458 894.000115267 34819.8397784 195858000
552976 526982 858.000001163 39415.4674795 206938800
552883 530599 836.000086599 44318.3932555 287096384
552326 533659 805.000002317 49490.2048434 310740288
550843 536441 769.999985939 54393.1306165 322258496
548432 538574 756.00008785 59334.4686493 365180416
546948 541912 746.000058033 64237.394422 373328992
545093 545158 738.000000399 69178.7324534 459488704
542867 548496 718.000001321 74312.1317825 498433504
540364 552484 704.000000131 79522.355626 543518080
537581 555915 698.999985347 84770.9917294 600169472
536098 560088 691 89635.5052441 620994624
535912 564261 689 94346.3697226 713018688
533316 568064 682 99441.3567901 749136576
533408 571680 674.000014708 104344.282563 836073920
535078 575297 666 109285.620593 879254976
535820 577523 659.000000273 114342.195403 890125184
537396 579656 645.00002921 119168.296658 906236096
541013 580026 638.000014735 124109.634688 1689635712
543980 576873 629.000000133 129319.858532 1802201344
547968 574091 626.000014585 134568.494636 1865300352
551306 572700 622.000002336 139509.832666 3149814528
551955 568527 620 144335.933922 3168946688
554181 565003 613.000000135 149315.684213 3212289792
556592 561387 610.000029082 154794.79387 3438854912
553810 558326 606.000014659 160043.429974 3457160960
556963 555915 602 165023.180266 3467018752
560673 553411 597.000014513 170194.991851 3762360832
563733 551835 595.000087199 174944.268589 3875671808
567535 551928 592 179924.018878 3967007488
571708 553040 588 185019.005946 4095562496
573934 550166 587.000000133 189883.519461 4131461632
574583 546271 585 194901.682011 4168705536
578292 543396 582.000015 200150.318114 4184800256
581816 541541 577.000014472 205437.366476 4212356352
585340 543303 574 210532.353543 4252548608
588215 541912 569.000014477 215588.928352 4329271808
590162 540428 565.000029068 220607.0909 4342361600
592388 536255 564.000000269 226086.200558 5314823168
594150 533010 561.000072206 231296.424403 5382158336
596561 529857 557 236352.999212 5545665024
597581 525684 556 241179.100468 5570775040
598045 522623 552.000029071 246082.026241 13489699840
601383 523458 548 250792.890719 13515457536
604165 519285 527 256118.351343 13565313024
606391 515390 519.00013046 261174.926151 13616836608
608802 517987 515.000057566 266231.500961 13657385984
612604 519470 503.99999986 271172.838991 13686990848
614181 516225 501 276229.4138 13933822976
615757 514184 483.000014379 281017.102796 14002429952
619374 513628 404.000274535 286112.089865 14020937728
618632 510475 263.000530183 291322.313712 14050665472
622063 507971 157.00020077 296455.713039 14242375680
625124 505189 85.0002011372 301473.875588 14298808320
627628 502221 69 306415.213621 14322614272
631151 502592 54 311164.490357 14357687296
635139 500274 54.00000028 316221.065166 14408288256
638292 496101 43.000085826 321700.174824 14440088576
642372 495730 39.0000005304 326679.925114 14596944896
645989 494524 27.0001001088 331506.026368 15051914240
650070 493875 22.0000142952 336370.539881 15088663552
652666 490166 16 341427.11469 15208138752
654335 485993 14 346291.628204 15236860928
655541 481820 14 350964.080423 15257840640
659065 478018 7.00001423729 356443.190082 15522483200
663238 477647 2 360846.756485 15541186560
667318 478296 0.00000000001 365711.269998 15746351104
670008 475421 0.00004266747 370460.546735 15761141760
674181 474586 0 374979.349917 15918306304
