525248 1.09313e+06 778.999894613 0 0
525619 1.09703e+06 606.999958115 4672.4522165 16021800
527010 1.10092e+06 519.000091982 9536.96572844 35947800
529421 1.105e+06 479.000063682 14747.1895706 66906000
531554 1.10871e+06 453 19688.5276003 83284200
532666 1.11177e+06 412.000000276 24553.0411131 108928800
533501 1.11557e+06 397 29379.1423647 123063296
536098 1.11975e+06 390.999985249 34627.7784664 343448096
536190 1.12392e+06 378.000030622 39146.5816474 359801984
536283 1.128e+06 372.00000014 43857.4461235 369214208
536283 1.13208e+06 330.999788292 48683.5473776 433325696
536747 1.13616e+06 162.000015443 53317.5873355 446301888
538323 1.13996e+06 151 58374.1621421 533887200
541569 1.14349e+06 140.000000142 63622.7982435 565752576
542404 1.14757e+06 131 68564.1362725 603466176
545464 1.15007e+06 121.000030578 73620.7110785 640102528
548339 1.15295e+06 110.000015291 78677.2858865 655589696
552234 1.15573e+06 104 83887.5097288 736136128
553996 1.15916e+06 96.0000001444 88636.7864623 849738624
554181 1.16259e+06 92.0000152823 93885.422564 880470016
557334 1.1637e+06 88.000015281 98941.9973681 891907200
559745 1.16751e+06 85.0000152752 104036.984433 990387008
561507 1.16992e+06 81 108824.673423 1027906176
564938 1.17261e+06 71 114111.721783 2360874496
568555 1.17465e+06 65 118899.410777 2627170304
572265 1.17761e+06 61.0001383196 124109.63462 2695947264
575881 1.18077e+06 57 129358.270721 2811453184
578385 1.18485e+06 52 134530.082305 2838969088
578941 1.18902e+06 52.0001220161 139548.244852 3062042880
583115 1.18726e+06 52.0000914968 144758.468693 3310826496
585989 1.19041e+06 48 149699.806723 3332639744
589977 1.19421e+06 47 155370.977674 21590663168
593130 1.19718e+06 44.0000152375 160581.201514 21664786432
595356 1.20033e+06 40 165560.951802 21690456064
595077 1.20451e+06 39 169849.281428 21958582272
597396 1.20757e+06 33 174829.031717 21983860736
598230 1.21174e+06 32 179347.834897 22042636288
596654 1.21573e+06 31 184097.111632 22376970240
593779 1.21879e+06 29.0000001419 189000.037402 22393300992
592852 1.22296e+06 23 194018.199949 22400468992
589792 1.22667e+06 20 199420.485086 34707116032
587659 1.23084e+06 18.000000416 204477.059892 34754007040
585618 1.23455e+06 15 209610.459215 34832031744
581816 1.23761e+06 15.0000001357 214897.507577 34884620288
581353 1.24179e+06 14 219339.486238 34887098368
582187 1.24596e+06 10 223858.289417 37220392960
580982 1.24976e+06 9.00015158975 228914.864223 37283459072
582280 1.25393e+06 9 233625.728698 37287718912
578292 1.2556e+06 8 238413.417691 49594363904
574768 1.25885e+06 4 243662.053792 49610141696
570595 1.25885e+06 3.00019686471 248296.09375 49852641280
566422 1.25764e+06 3 252968.545968 49884475392
564197 1.2608e+06 3.00000147106 257871.471738 50794500096
566886 1.26358e+06 3 262735.985249 50919047168
567720 1.26775e+06 3.00012233345 267792.560054 50962673664
567071 1.27193e+06 3.00012091327 272772.310343 50994069504
566886 1.2761e+06 3.00000127784 277636.823853 51017736192
566144 1.28027e+06 3 282117.214774 51045294080
567257 1.28444e+06 3.00003019157 286751.25473 51121344512
569575 1.28862e+06 3.00004526575 291884.654054 51126763520
572635 1.29279e+06 3 297325.35145 51486085120
571337 1.29696e+06 3.00000057517 302036.215924 53061197824
568926 1.30114e+06 3.00001519267 307208.027507 53077446656
565402 1.30401e+06 3 312303.014572 53229748224
561229 1.30716e+06 2 317782.124228 53249908736
557241 1.31134e+06 2.00003133382 323606.944213 53260197888
554923 1.31551e+06 2.0000012175 328740.343537 53272330240
551955 1.31968e+06 2.00000096136 334142.628674 53282611200
547968 1.32386e+06 1 339967.44866 53288329216
544629 1.3259e+06 0.00007501458 344716.725394 53613891584
