848894 1.48327e+06 1986.00045127 0 1368900
844907 1.48243e+06 1392.00004538 4957.24890822 11072700
841012 1.48457e+06 1143.99995654 10183.3836297 62329500
840826 1.48883e+06 1092.00017478 15217.4570551 98261104
841939 1.49245e+06 975 20443.5917761 125598600
844721 1.49542e+06 899.000100983 25477.665201 426392096
848709 1.49737e+06 777.000029403 30511.7386254 512673312
849080 1.50145e+06 735.999987024 35545.812051 535507200
850842 1.50534e+06 713.000000153 40695.1222524 575302528
854180 1.50525e+06 675.000221808 45767.6079361 647651712
856128 1.50228e+06 664 50532.795548 700188288
856777 1.49801e+06 540.000304334 55374.8076779 737958592
860393 1.49588e+06 466.000449169 60562.5301392 823494592
862897 1.49653e+06 404.000057943 65519.7790445 861483584
865494 1.49486e+06 395 70400.2034335 883742400
869760 1.49412e+06 388 75357.4523425 946266304
874025 1.49217e+06 388 80429.9380269 1219576448
876993 1.49013e+06 386.00000078 85540.835971 1324665856
880517 1.4905e+06 373.000043834 90267.6113263 1333065600
883392 1.49264e+06 356.000407715 95608.9828232 1416803456
885154 1.49597e+06 356.000246583 100604.643986 1444400128
889049 1.49709e+06 336.000450686 105638.717413 1611964800
892294 1.49774e+06 220.999988566 110519.141802 1633842944
895355 1.5007e+06 162.000101297 115514.802969 1765743360
897858 1.49978e+06 140 120740.937689 1800921600
901753 1.49866e+06 107.000002043 125851.835633 1912620544
905092 1.50107e+06 71 130732.260022 1939941888
907225 1.50395e+06 63 135843.157966 2034638976
911212 1.50562e+06 63.0000001508 140761.994614 2055925760
912325 1.50961e+06 42 145604.006744 2083052672
914273 1.51192e+06 38 150484.431133 2093040000
918353 1.51026e+06 33.0000721577 155364.855522 4225170688
922526 1.51285e+06 31 160667.814761 4274175488
925215 1.5135e+06 29.0000013512 165778.712704 4311540736
927719 1.51035e+06 19 170851.198386 4320426496
931336 1.51322e+06 17 176038.920847 4402779136
935324 1.5161e+06 8 181380.292344 4446875648
939589 1.51693e+06 0 185991.830907 4507058688
