521724 415236 1058.99995758 0 0
519220 417647 968.000000253 4918.84 21141000
520982 421727 907.000042012 9837.67 42452100
518849 425344 868.000000739 14871.7 96900304
517180 428868 852.000000122 19829 235078208
517643 432855 843.999986085 24709.4 278769600
518293 437121 835 29397.8 305248512
517922 441387 829.000028554 34201.4 325846784
516160 444076 825.000000126 39312.3 758119488
515881 448064 819.000000126 44423.2 774335680
515510 452330 817 49073.1 791896512
518385 456596 817.000042443 54529.7 879392704
517922 460212 814 59717.5 1432881920
519591 464200 807 64866.8 1468837760
516716 467909 803.000000255 70169.7 1791153024
516994 471341 799 75357.5 1806672640
516623 475328 797.00007137 80429.9 1839996032
515325 478388 793.000000127 85118.3 1878106496
512543 481263 791 90037.1 2117242752
511708 484694 787.000014261 94994.4 2125739648
509390 486920 784.000057213 99990 2330459136
507072 489888 780 104832 2351203328
503455 491279 777.000028572 110020 2403804672
499560 492670 772.000042874 115092 2462059776
495943 494524 769.000028857 119934 2666042112
492234 495174 761.000028604 125160 2703075328
490286 496750 749.000000504 130041 2737087232
487226 498605 729.000014309 135113 2762974720
483053 499718 703.000014314 140109 2790134016
479529 500181 691.000014312 145105 3124210432
475727 499068 685.000042922 149870 3837132032
472945 497399 665.000000249 154981 3993008384
468772 495823 648.00004289 160245 4019398144
465804 493226 637 165279 4258331904
461724 492855 626 170390 4323512832
457829 492021 623.000014283 175155 4531520512
454769 489146 602.000000368 180266 4696841728
451523 485158 592.000000374 185761 4794203648
448185 482469 570.000014249 190911 4871842304
446794 478574 552.000043184 195753 4905927168
444290 475328 527.000056887 200787 4943761920
442620 471526 513.000000239 205706 4970540544
439746 469764 495 210509 7158844928
437149 468837 472.000042565 215543 9568723968
433532 466611 439.000014772 220616 9749022720
431307 464015 421.000001175 225419 9835830272
427505 465127 323 230415 9860469760
423331 465220 259.000014534 235372 9915445248
419437 464293 230.00011365 240560 17391454208
415263 465313 222 245748 17804666880
410998 467353 206 251166 17812224000
409328 463551 203.000002702 255931 18264576000
408679 459378 198.000001615 260965 18307936256
404970 456874 197 266038 18427961344
400704 456874 197 270764 19714607104
396438 456874 184 275414 19769792512
392172 458172 182 280218 19844319232
389019 460769 167.000000709 285098 20204453888
385032 460305 163.000000617 289748 20249344000
382713 456132 156 294936 21422733312
379189 454370 149.00000012 299624 21448962048
374924 456132 143 304620 22544324608
370750 456132 134.000000123 309155 22551080960
367412 453906 127 313958 22625536000
363146 452052 123.000098825 318992 22878920704
358880 451495 120 323489 24036724736
357582 455390 114 328446 24180160512
354336 458265 112 333557 24285394944
350256 459749 106 338361 24321789952
345990 457894 101 343395 26281779200
341724 459285 95.0000424483 348544 26295734272
337644 457801 88 353578 26305843200
333564 455576 83 358919 26405101568
331060 457152 80 363877 26583932928
328927 458450 75 368872 26668941312
324754 455205 70.0001130799 374444 27677716480
320488 454092 65 379325 27693559808
317984 456967 60.0001838924 384282 28393334784
313718 456132 53 388893 28405428224
311956 459656 50 393889 28520546304
307690 458172 45.0002263026 398769 28537790464
305465 460491 39.0000001166 403227 28603400192
301570 462345 36 408108 28616603648
297397 461696 32.0001415543 412604 28810477568
293966 464015 28.0000002366 417715 28850628608
290720 466982 24 422787 29939834880
286454 466982 20 427053 29981468672
283208 464849 15.0000142897 431857 30158008320
282930 460583 11.0000004653 436238 30160746496
280333 457523 6 441234 30264662016
276902 455668 2 446306 30339246080
