534521 482191 1420.00013039 0 0
533223 485529 1344.00008559 4803.6 27799200
532852 489331 1323.99998697 9952.91 47028600
531368 492855 1217.0000025 14910.2 62143200
532017 496843 1188 19713.8 83543400
529050 498883 1145.00008651 24901.5 103761000
526268 498605 1114.00000025 29820.3 191435392
525433 501572 1103.0001432 34662.3 205464608
524042 505374 1094.00005737 39619.6 262359008
523393 508527 1076.00000026 44845.7 297172800
522651 512237 1048.00008646 49726.1 322282816
521816 515761 1033 54568.2 351240288
519776 519378 1017 59717.5 375337792
518756 522901 1005.00004321 64866.8 430215296
518756 526611 998.000014413 69824 446909408
517736 530691 993.000000126 74666 528419712
516345 533937 986.999999874 79930.6 572313600
514398 537646 982.000000125 85003.1 629037888
514769 541541 976 89960.3 754863296
511894 543581 971.000000135 94802.3 783148480
509575 544323 966.00001448 99951.6 825705920
506051 546642 956 105101 1100935808
503084 548960 951 110250 1176452096
500766 550166 946.000000388 115284 1202809472
498354 551371 937.000028999 120510 1216376960
495572 551557 925.000014508 125391 1256893184
493254 550073 908.000043494 130233 1269553536
489915 551279 900.000000496 135229 1402134272
486113 550258 890 140186 1633486464
483331 549702 882 145297 1663966848
480364 548033 874.000000885 150254 1704296704
476933 545436 867.000043451 155326 1733950848
473594 545529 857 160476 1772247552
471368 544231 852.000000129 165510 1806089344
468586 543581 842.000000383 170505 1832284800
465712 543118 833.000000123 175463 1869723008
461538 541634 823.000014471 180305 1915431296
458849 539687 811.000029295 185569 1953201664
455696 537832 770.000073581 190527 1979915392
453285 536070 734.000072377 195522 2068488960
449576 535328 707.000015201 200479 2135767552
447164 532824 676.00000051 205321 2161841408
444475 531897 628.000086848 210010 2193067008
441693 531062 600.000045084 215005 2235154432
441229 528187 567.000028726 219963 2242217728
440302 525034 535.000028943 225074 5121297920
438447 522345 512.000001692 230069 5209539072
438355 518079 492.000001011 234911 5232899584
437335 513999 473 239676 5253749248
437427 509733 453.000001098 244826 5268968960
438262 505467 429.000002446 249745 5998074368
436500 503983 401.000458832 254587 6054328832
436685 501109 396.00000175 259582 6904148480
435943 496843 377.00000064 264463 6977526272
433996 492855 352.000002286 269574 7022983680
433161 488589 339.000002276 274492 7165041152
431863 484324 339.000001659 279296 7192856576
430101 480058 313.000114178 284292 7277890560
428246 475885 301.000028447 289518 7317628928
424352 473752 283.000099447 294590 7402590208
421848 470784 257.000070984 299432 7413160448
420735 467168 249 304274 7443041280
418509 463644 230 309462 17399885824
414336 465776 222.000014174 314573 17806635008
410070 466889 206 319991 17836767232
409792 462623 203 324756 18270076928
408308 458450 197.000001204 329752 18312908800
404043 457152 197 334786 18431760384
399777 457152 197 339513 19757342720
395511 457152 183 344163 19772958720
391245 458543 182 349005 19848904704
388092 461140 167 353885 20232204288
384290 459470 161.000000347 358650 21407051776
382435 455205 154 363685 21423519744
378262 454370 148 368258 21449172992
373996 456410 141 373369 22545620992
370565 455205 133 377865 22552692736
366485 453535 127.000098895 382745 22627569664
362219 451588 123.000112953 387818 22880913408
357953 452144 118 392391 24037105664
357304 456317 114.000071044 397195 24204281856
353594 458821 110 402344 24299603968
349329 459378 104 407147 26253168640
345063 457801 99 412066 26282135552
340982 458543 94 417408 26301032448
336717 456967 87 422557 26314614784
332636 454834 81 427860 26579105792
331523 457801 79.0000141389 432663 26594875392
327999 457894 74 437736 26669168640
323826 454277 69.000113011 443461 27680430080
319561 454834 62.0000001198 448265 27695276032
317057 456874 60.0002545469 452953 28394436608
312884 456781 51.0000998989 457757 28415440896
311029 459656 50.0004812414 462522 28522530816
306763 458079 45 467441 28538017792
304908 461418 38 472091 28608964608
300643 462345 34 476741 28617072640
296469 461418 31.0001557026 481353 28812922880
293316 464942 28.0000002288 486617 28854685696
289792 466982 23 491421 29940410368
285527 466982 19 495686 29981646848
283208 463922 14 500490 30158090240
283023 459656 9 504986 30262935552
279406 457152 6.00004277972 510097 30317602816
275975 455668 2 514939 30339328000
