452914 1.11233e+06 405.999939088 0 0
450781 1.11557e+06 382.000030648 5210.22 12060900
449297 1.119e+06 370 10305.2 26195400
446330 1.11984e+06 364 15323.4 83008800
443084 1.11771e+06 355.000000136 20456.8 117644400
440766 1.11863e+06 349.000001054 25321.3 234689408
437613 1.11882e+06 341.000000137 30454.7 261249296
433996 1.1216e+06 341 35626.5 394299904
430472 1.12244e+06 337 40337.4 448221600
428339 1.12577e+06 329 45355.5 471816896
425464 1.12781e+06 326.000001214 50450.5 487142112
424259 1.12364e+06 321.000000523 55123 501203712
421477 1.12615e+06 308 60294.8 530833504
419808 1.12865e+06 304 65466.6 548135104
416933 1.13032e+06 293 70407.9 700471808
413687 1.13125e+06 287.000000272 75349.3 716809472
410534 1.13208e+06 258 80290.6 751785280
408216 1.13023e+06 248.000030865 85616.1 769491904
404692 1.13143e+06 244.000000128 90634.2 857020480
400519 1.13208e+06 241 95306.7 891809984
400055 1.1305e+06 233.00007653 99979.1 936538176
399406 1.12837e+06 231.000000502 105189 980901888
397829 1.12772e+06 227.000077742 110400 985373120
396345 1.12661e+06 210.000063564 115379 1010345408
394027 1.12577e+06 199 120205 1018429184
392914 1.12485e+06 192 125339 1638233088
391152 1.12828e+06 178.000021069 130088 1646041472
387907 1.12717e+06 175.000000254 135183 1679972352
386145 1.12624e+06 170.000030629 140201 1768464896
384754 1.12921e+06 143.000000265 144912 1815501568
382435 1.13134e+06 133 149585 1828534528
379375 1.13291e+06 122.000199051 154948 1926601216
378726 1.13523e+06 110.000061217 160005 1958709632
377706 1.13848e+06 109.000000878 164831 1999906176
376222 1.14089e+06 108 169504 2106583168
373254 1.14219e+06 95.0000012327 174560 2141542784
371400 1.14414e+06 73.0000005037 179655 2166920192
369359 1.14775e+06 72.0000005282 184443 2234441728
366763 1.14905e+06 61.0000458832 189653 2241067520
363703 1.15063e+06 61 194325 2669257728
359530 1.14961e+06 56 198998 2718611200
358138 1.1522e+06 47 203786 2725682432
357026 1.15146e+06 46 208458 2747576576
353873 1.14942e+06 45.0000005119 213284 3006152960
350627 1.14701e+06 41.0000312342 218302 3022247680
347845 1.14469e+06 38 223167 3168549888
347381 1.14868e+06 38.0000006058 227839 3215546112
344599 1.15026e+06 29.0002294634 232781 3235220992
343486 1.15257e+06 29.00000013 237568 3250376192
342930 1.15666e+06 29.0000002593 242548 3293379072
341910 1.16055e+06 25 247336 3422395904
340797 1.16435e+06 17.0000003641 252584 3481703936
338942 1.16667e+06 17.0001392359 257372 3525168640
336717 1.17029e+06 17 262237 3539894272
332914 1.16964e+06 17.0000766119 267447 3685321728
329391 1.16992e+06 11.0000610902 272158 3698054912
325217 1.16936e+06 11 276638 3701926912
322899 1.1688e+06 11.0000305469 281656 3912510720
322621 1.17233e+06 9.00001526731 286674 3931586048
320395 1.17474e+06 9 291577 4065106432
321137 1.17854e+06 7 296672 4099847424
