816159 1.51619e+06 1767.00036065 0 186300
816251 1.51192e+06 1361.00032132 4973.16 13340700
817642 1.50831e+06 1168.00003076 10138.4 72276304
816437 1.50478e+06 1125 15572.5 114072304
815417 1.50089e+06 1111.0000149 20699.3 121564800
816808 1.4969e+06 1099.00001463 25864.5 241712096
816251 1.49273e+06 1093 30914.5 247511696
816251 1.48837e+06 1093 35273.1 247892400
815602 1.48401e+06 1093 40515.1 654236992
815880 1.47965e+06 1093 44988.9 656010880
816066 1.47529e+06 1093 49424.3 680651072
812727 1.47094e+06 1093 55165.7 1106743552
808925 1.46834e+06 1072.00001489 60676.6 1158729344
806329 1.46546e+06 1062.00000144 66264.4 1201140864
802619 1.46426e+06 1046.0000438 71391.2 1222249472
799837 1.46073e+06 1041.00000044 76710.1 1259995520
795942 1.45879e+06 1037.00000015 81913.7 1277232256
791862 1.45879e+06 1032.00001477 87002.1 1307996160
787782 1.45916e+06 1030 92167.3 1350083712
783423 1.45823e+06 1028 97217.3 1449146752
779064 1.45907e+06 1026 102306 1507571968
777581 1.46296e+06 1024 107394 1524703488
776097 1.46723e+06 1023 112329 2446394368
776839 1.4714e+06 1016.00000075 117609 2487169792
773964 1.4739e+06 958.000072836 122467 2652863488
769605 1.47298e+06 847.000321891 127364 2674863104
765803 1.47251e+06 745.000073009 132375 2713143552
763670 1.46871e+06 678.000029877 137617 2739306496
763021 1.46444e+06 522.000116854 142360 2835113472
758663 1.46315e+06 399.000000149 147333 2857898752
754397 1.46287e+06 311.000131588 152460 3012300800
752078 1.46602e+06 239.000058694 157587 3041007360
748647 1.46815e+06 177.000029467 162752 4165797632
745772 1.46546e+06 120.000003298 167763 4178555136
741970 1.4637e+06 27 172698 4202352896
740301 1.46704e+06 27 177326 4275212288
740301 1.4714e+06 27.0000004194 181761 4282631936
738910 1.47576e+06 27 186696 4592392192
735850 1.47631e+06 25 191976 4728998912
733902 1.47483e+06 20 197103 4737236480
730286 1.47641e+06 16.0000004365 202652 4787464704
726576 1.47631e+06 15.0000005603 207702 4899884544
725463 1.47242e+06 14.0000291616 213021 4914237440
722403 1.47483e+06 8.00000041417 217994 4958374400
719343 1.47344e+06 6.00002914847 223313 4985687552
718415 1.46973e+06 3.00000000001 228478 5012442112
715726 1.46621e+06 0 233913 5028893184
