856869 1.54234e+06 1190.99994062 0 259200
859837 1.54587e+06 877.000403822 5318.8701166 21335400
862805 1.54865e+06 744.000000293 10560.9157119 58392900
865865 1.55124e+06 696.999944832 15687.724533 81745200
869203 1.55264e+06 658.000028536 20737.7088374 128806200
872820 1.55347e+06 571.000127477 25672.4563636 346971584
875324 1.55041e+06 483.000128483 31068.1509965 369019808
878291 1.54772e+06 445.000428513 36348.6088541 444860096
882093 1.54883e+06 367.000000149 41321.7686396 472472992
885339 1.54976e+06 308.000257123 46679.0510161 541979072
889234 1.54995e+06 248.000001042 51997.9211342 564318912
892016 1.55162e+06 211.000028398 57163.1422136 613826112
894520 1.5531e+06 174.000058452 62289.9510365 631192512
896560 1.5556e+06 157.000131318 67647.233412 684506688
898322 1.55941e+06 136.000085916 72889.2790097 727056000
899620 1.56349e+06 122.000000439 78131.3246076 869454016
899806 1.56729e+06 106.999986557 83104.4843932 976762816
903515 1.56998e+06 87.0001143019 88308.1177327 993805184
906205 1.57332e+06 77.0002989919 93434.9265541 1018242880
906761 1.57749e+06 44 98638.5598914 1499123712
909358 1.57777e+06 34 103534.89516 1520596736
912232 1.57777e+06 32.0000003107 108661.703981 1547610240
914365 1.58083e+06 32.0000006106 113442.802472 1608546560
916869 1.58222e+06 28.0000286024 118300.725481 1642250752
917518 1.58639e+06 22.0000574053 123081.82397 1664606720
918909 1.58713e+06 14.0001129992 128208.632792 1676764800
922897 1.58732e+06 13 133489.09065 1708006528
926050 1.58787e+06 9 138500.662694 1778549376
926421 1.59223e+06 0.00012687367 143550.646995 1819640704
