579220 318513 915.999719886 0 105300
580889 321666 509.000026943 4672.4522212 23611500
582465 325375 261.999947014 9460.14121747 45927000
584042 328899 116.999960745 14247.8302131 116526600
586917 331496 81.0000271836 19112.3437252 228339008
590812 331867 66.0000961434 24168.9185344 274792512
593779 334556 56 29340.7301197 365642112
597674 336318 51.0000002588 34358.8926694 478596608
600363 339285 49.000027246 39377.0552188 547106432
600549 341326 45.9999866102 44356.8055117 667990784
603145 345220 42 49490.2048405 829391424
606855 349023 39.0000136736 55046.1390167 905247872
610657 352176 38 60371.5996396 949530624
610379 356349 33.0000001329 65428.1744488 1010661312
612419 360429 27.0000001269 70407.9247405 1295360128
616499 360893 23 75118.7892167 1341489664
620394 362098 15 80136.9517662 1366267520
622342 365900 15.0001514821 84963.0530219 1471510784
625680 369517 11 90288.5136443 1515801600
628926 373134 9 95652.386526 1577167232
632357 375267 4.0000001337 100401.663262 2001720576
635974 375174 3 105535.062589 2033189120
