690224 907197 1626.00017894 0 0
693841 910072 1540 5264.54698308 38248200
697365 913225 1526 10605.918482 57874500
696808 917120 1496.00000144 15255.8693193 72090000
697365 921293 1491 20097.8814522 90225904
695788 925188 1491 24863.0690664 103266896
695695 929453 1491.00007672 29781.9057165 233126096
696159 933534 1455.00000105 34547.0933294 317325600
694583 935945 1441.00000215 39619.5790156 363463200
691800 937985 1436.00018626 44576.8279246 464146208
693006 941324 1403.00000044 49572.4890932 509895008
690224 943827 1395.00007807 54491.3257435 527091296
687906 946053 1394.00012261 59640.6359485 600315328
687998 949855 1372.00013794 64674.7093763 672024576
687442 953936 1363 69631.9582854 686442624
687720 957181 1336.00000138 74666.0317112 705177920
685587 960056 1316.00021467 79546.4561022 900525568
681692 961262 1294 84618.9417889 1031129984
677705 962096 1268 89576.190699 1130962560
673810 961076 1264 94648.6763845 1150345856
670564 961076 1263.00000134 99490.6885162 1209888896
670100 965249 1260.00001564 104601.58646 1222225152
670935 968217 1255 109597.247627 1340550016
666762 968773 1253 114746.557831 1442488448
662960 969979 1250.00000015 119857.455776 1499083264
661012 973039 1250.00000045 124661.05565 2250098944
657396 975728 1250 129771.953594 2257858816
653130 977583 1250 134806.027022 2312412416
649791 980365 1250 139840.100449 2691435520
645525 982034 1250 144797.349357 2707651840
642743 984816 1248.00001534 149754.598266 3934234880
640611 986764 1247 154635.022658 4086628096
636901 988062 1193.00001577 159669.096086 4121425920
633006 989361 1168.00015341 164472.695959 4140663296
629111 990288 1149.00006138 169199.471311 4196172544
624938 991030 1149.0000003 174041.483444 4233821440
622342 993905 1149 178806.671058 4284454400
618261 996872 1146 184224.867074 5936805888
614737 999840 1145.00004633 189489.414054 5959388672
613625 1.00411e+06 1140.00000029 194293.013927 5977103360
612141 1.00828e+06 1113.99995437 199442.324134 6149471232
608988 1.01041e+06 1073.00010966 204514.809821 6707261952
607226 1.01449e+06 1065.00000057 209433.646471 6796864000
605927 1.01866e+06 1061.0000155 214352.483122 6816409088
604629 1.02228e+06 1050.00000015 219271.319771 7041548800
604351 1.02655e+06 1045.00007807 223882.858349 7051989504
603331 1.03072e+06 1037.99998465 228763.28274 7063062528
602682 1.03499e+06 1027.99998553 233374.821318 7075609088
602404 1.03916e+06 1015 238408.894743 7203427328
603331 1.04278e+06 996.999969589 243481.38043 7305721856
603145 1.04704e+06 971.000092971 247900.857713 7317386240
601754 1.05131e+06 967 252742.869844 8301163520
603795 1.05557e+06 960.00001535 257930.592307 8437786112
605649 1.05975e+06 959.00001535 263156.727029 8735687680
603980 1.06373e+06 955.000015344 268152.388196 8758213632
600363 1.06596e+06 944.000000143 273378.522918 8801978368
596747 1.06828e+06 893.000015489 278412.596345 8834111488
596283 1.07162e+06 766.000123654 283561.906548 9565038592
596747 1.0756e+06 755 288442.330936 9592781824
597303 1.07978e+06 745.000015342 293284.343066 10346267648
594706 1.08339e+06 740 298356.828751 10405187584
591739 1.08673e+06 738.000000277 303544.551215 10531668992
594150 1.08998e+06 733.000061351 308540.212383 10564902912
593315 1.09313e+06 728.000062055 313382.224514 10657704960
590348 1.09638e+06 633.000030676 318608.359237 10686832640
590162 1.10064e+06 630 323258.310072 10743095296
590719 1.10491e+06 624.000000708 327831.436391 11016218624
590348 1.10815e+06 571.000015328 332596.624003 15631250432
591832 1.11223e+06 560 337400.223876 15654910976
593130 1.1165e+06 552.000000417 342203.823748 15696609280
594706 1.11965e+06 527.999985269 347045.835882 15754224640
595727 1.12318e+06 499.000000144 351734.198978 15777771520
596747 1.12735e+06 482.000000141 356537.798851 16594608128
596654 1.13152e+06 456.000000685 361495.047759 16693573632
597396 1.13579e+06 454 366144.998596 17044935680
598601 1.13987e+06 451.000015297 371140.659763 17087176704
598230 1.14256e+06 443 376136.320931 17104713728
599158 1.14683e+06 425.999985535 381016.74532 17180139520
597025 1.15016e+06 364.99992368 386166.055525 17191788544
597210 1.15443e+06 256.000000274 391046.479916 17205809152
595077 1.1587e+06 242 396426.263672 17245296640
593223 1.16287e+06 237 401421.924839 17255907328
592388 1.16704e+06 222.000061115 406071.875675 17931059200
594799 1.17103e+06 213.000001115 411374.834914 18034950144
591924 1.17409e+06 200.000000145 416332.083823 18046021632
590626 1.17798e+06 188.000015401 421135.683695 18144137216
589699 1.18197e+06 152.00000072 426284.993899 18160824320
588771 1.18624e+06 88.9999550755 431395.891844 18182555648
586917 1.18985e+06 48 436391.553012 18199437312
589513 1.19375e+06 47 441579.275473 21590016000
592945 1.19681e+06 44 446997.471488 21664333824
595356 1.20006e+06 40 452146.78169 21690431488
595077 1.20432e+06 39.0000002782 456527.846712 21932929024
597303 1.20747e+06 33.0000002803 461561.92014 21983578112
598230 1.21174e+06 32 466211.870975 22042636288
596561 1.21582e+06 31.0000456264 471092.295365 22377093120
593686 1.21897e+06 29.00009195 476087.956532 22393405440
592574 1.22324e+06 23 481275.678994 22400768000
589421 1.22704e+06 20 486809.111787 34707591168
587844 1.23131e+06 18.0000001459 491881.597472 34787516416
585062 1.23455e+06 15 497030.907674 34832269312
581724 1.23826e+06 15 502449.10369 34884927488
581445 1.24253e+06 12.9999848317 506983.817748 34887249920
581631 1.24679e+06 9 511787.41762 37221879808
581538 1.25069e+06 9.00015161802 516936.727822 37284663296
581445 1.25477e+06 9 521778.739952 49556975616
577179 1.25662e+06 6.00000013663 526812.813378 49601654784
573563 1.25885e+06 4 531731.650027 49611874304
569297 1.2582e+06 3.00015140622 536727.311195 49882374144
565031 1.25801e+06 3 541377.262032 49899102208
564197 1.26228e+06 3 546372.923198 50899832832
568091 1.26516e+06 3.00013617886 551675.882437 50922405888
566515 1.26942e+06 3.00004649204 556825.19264 50976174080
567628 1.27369e+06 3.00010594223 561628.792511 50995421184
566144 1.27795e+06 3.00000120953 566662.865937 51035963392
566144 1.28222e+06 3 570928.694181 51045462016
568370 1.28648e+06 3.00003019219 576116.416643 51124277248
571430 1.29075e+06 3 581649.849435 51334746112
571894 1.29502e+06 3.00004590142 586722.335121 53053800448
570503 1.29928e+06 3.00006111428 591564.347249 53070876672
567164 1.30355e+06 3 597213.016819 53226954752
562898 1.30568e+06 3.0001204237 602362.327023 53244944384
558725 1.30976e+06 2 608279.882406 53257109504
555479 1.31403e+06 2.00010573817 613890.139715 53270499328
552883 1.31829e+06 2.00010601563 619231.511212 53280358400
549081 1.32256e+06 2 625072.242077 53286780928
545835 1.32599e+06 0 630336.789057 53609365504
541662 1.32636e+06 0.00004542467 635101.976671 53697417216
