839992 1.69628e+06 1160.00001333 0 16200
843237 1.69267e+06 807.000054638 5418.19601436 14976900
846483 1.68979e+06 617.000149689 10605.9184749 25612200
850656 1.68859e+06 429.000067271 15639.9919002 28690200
854458 1.68794e+06 259.000040804 20443.5917726 37665000
857797 1.68599e+06 164.000122994 25362.4284194 81534600
860579 1.68738e+06 97 30434.9141037 94356896
864103 1.68933e+06 40.9999864975 35430.5752699 634805120
867627 1.69044e+06 22.0000681719 40387.8241773 642775488
871429 1.69072e+06 12 45421.8976004 680651072
875324 1.68998e+06 5 50379.1465096 1080483328
878755 1.69081e+06 3 55029.0973441 1210196736
