642465 858418 1895.00013701 0 3207600
645433 856563 1816.00003048 5034.07342487 10189800
647287 853132 1791.00001538 9952.91007407 32351400
651275 852112 1775.00006136 14986.9835008 57793500
652295 848032 1770.00003046 19828.9956344 113513400
655634 848681 1735.99998592 24901.4813218 149574592
658787 850814 1698.00015233 29897.1424926 223892096
662682 849794 1657.00007617 35046.4526979 262861200
666576 849794 1648.00021328 39926.8770884 309395712
669358 851463 1604.00003048 44960.9505165 336465888
672790 854060 1586.00017221 50110.2607205 373248000
672511 858047 1556.00000194 54837.0360763 403598688
672511 860922 1552.00000104 60063.1707979 414404096
674366 864353 1543.00003051 64982.0074501 598719616
677797 867506 1542.00000121 70361.7912096 653783424
679652 869917 1499.00000045 75626.3381894 671724928
678261 872792 1492.00016785 80583.5870969 725508928
679281 876038 1484.00009171 85771.3095593 740372416
679003 879655 1481 90728.558467 798668096
682063 879655 1469.00013739 95877.8686726 816480000
682620 883086 1457 100796.705323 835093824
684474 882529 1440.00016802 106138.076823 4108668416
687906 881046 1414.0000482 111441.036064 4166785792
690224 883457 1366 116513.521748 4188315648
691986 880118 1320 121432.3584 4200028160
695788 879933 1304 126351.195049 4244156928
698199 876223 1304 131462.092993 4292441088
699868 873349 1187.0001526 136457.754161 4366669312
702929 872978 844.999971245 141683.888882 4380180480
704876 876502 608 146525.901015 4391488000
709142 875945 591.000152681 151329.500889 4512080896
713408 875111 557.000137403 155941.039466 4554451968
715448 877614 557 160783.0516 4789700096
716190 881880 557 165356.177918 4815376896
718879 878449 544.000000147 170620.724899 10864764928
721012 874183 496.000122251 175923.68414 10921489408
724536 873070 414.000076298 181188.231124 10986248192
728431 870381 364.000061038 186414.365846 11024577536
732697 871216 355.000091565 191256.377978 11080881152
735572 873534 342.000045773 196290.451406 11117071360
739466 871401 300 201439.761609 11135872000
742156 869546 263 206358.59826 12322278400
745494 868990 241 211392.671687 12412998656
747627 866486 217.000305076 216349.920596 12446039040
749946 866393 174.000107192 221383.994024 12636210176
753655 864539 106.00001525 226341.242934 12699600896
757272 863333 71 231452.140878 12752640000
759868 860180 59.0001378198 236332.56527 12935254016
762928 856471 49.000015237 241635.524511 16374092800
766916 856378 37.0001371941 246362.299867 16400628736
770904 858325 29.0000608372 251396.373292 16493868032
773686 856378 21 255931.087353 16507621376
777302 855265 14.0000020054 260849.924003 16650975232
781568 855358 8.99999985083 265307.813544 16676312064
785649 852483 3.00006094871 270687.597304 16711749632
789914 849979 0 276067.381062 16716787712
