636252 685930 1078.00000015 0 3304800
639776 683241 1075.00002981 5203.63334207 33712200
643671 685096 1053.00000117 10522.5034625 91538096
645989 689454 1023.00000056 15841.3735832 117863104
650162 691773 824.000002276 21237.0682207 172967392
653593 692515 546.000120884 26440.7015635 192820496
657581 690011 527 31759.5716832 217808992
661754 687600 425.000013616 37040.0295432 276801312
661940 683519 380.000000563 41974.7770726 297286208
662496 679253 347 46832.7000858 448618496
664258 675451 296.000312092 51767.4476153 507351616
667597 672947 215.000001615 56894.2564392 549471616
667040 668682 208 61675.3549342 563525120
667040 664323 208 66187.5676164 580769984
669544 661355 203.000133682 71237.5519214 607662016
673346 661448 198.000000146 76479.5975208 634521600
676035 659593 195 81529.5818278 711528320
678261 656719 191.000000145 86733.2151738 750999616
680116 653102 184 91860.0239973 1421112576
683918 651896 170.000163059 96794.7715266 1519689600
687349 653009 149.000014972 101921.580353 1613212160
689389 650320 60.0000149615 106971.564659 1618631040
691800 646889 22.0000592277 112021.548965 1639723520
695324 648002 19.0000749306 117033.121011 1818158336
698848 651155 19.0000001438 122351.991131 1845026048
700796 651525 11.0000005789 127325.150921 1948195840
703578 648929 11 132183.073933 1962192640
705525 651340 11 137309.882759 2002976128
708215 654493 11 142590.340621 2022651008
711553 655884 9 147717.149446 2026044928
714892 654029 7.00000029635 152882.370531 2311845376
717674 650134 5.00001481553 158354.889687 2323006976
721383 648280 1 163289.637215 2586022144
725185 646610 0.00002961573 168262.797003 2603121408
