401910 404571 505.999985964 0 0
397922 402995 493.000000241 5110.89794356 19059300
393656 401975 472.000014133 10106.5591137 39819600
389390 401882 454.00000024 15025.3957636 106223400
385774 400398 439.000000236 20021.0569329 141596096
381971 400398 421.000027918 24939.8935831 163263600
378262 398172 399.000041892 30127.6160477 250703104
375295 395483 381.000083384 35276.9262541 327831296
372883 392516 362.000027852 40310.9996831 345343488
370472 389641 341.000055639 45383.4853709 442097984
366763 386766 326.000013842 50686.4446135 512576096
362590 387044 313.00001407 55643.6935235 590992192
359251 385746 296.000041823 60677.7669505 624396608
355264 383149 279.000041586 65903.9016729 870596096
354151 378976 267.000000348 70899.5628441 925789504
351276 375081 255.000000333 76202.5220869 943358400
349050 371743 238.000013985 81313.4200354 1478274304
348772 368033 226.000041263 86385.905723 1511111680
348030 364046 216.000000225 91458.3914129 1542928512
349329 359873 198.000014037 96684.5261367 1557848704
349792 356441 186.000000817 101795.424084 1790537344
348494 352176 174.000027345 106675.848478 3888534528
344414 350599 164 111594.685129 3898060288
340148 350877 156 116052.574671 4054276864
336995 347261 145.000150255 121355.533915 4248336640
333842 343829 135.000013754 126581.668639 4342239744
330967 341140 126.000013729 131385.268514 4377944576
328927 337338 117 136304.105166 4506540544
326145 334463 108 141146.1173 4539628544
324383 330197 98.0000136776 146141.778472 4622734848
322343 326302 88.000000951 151099.027384 4633847808
324568 322222 79 156209.925332 4691746816
323641 318513 70.0000135149 161167.174243 4906332160
320395 316565 61.0001080311 165817.125081 5399200768
316315 312949 49 171504.206914 5453146624
314182 309332 40.0000007572 176384.631307 5691813376
312049 305159 31.0000004422 181495.529255 5738857984
310751 300986 24 186260.716872 5768293376
309174 297647 12.0000135163 190795.430935 5815063040
304908 294958 5 196175.214694 5829124608
