849358 1.65279e+06 318.999945133 0 2745900
850934 1.65696e+06 302.000013806 4957.24890625 13032900
850285 1.66076e+06 291 9914.49781232 33898500
849822 1.66475e+06 282 14948.5712373 47684700
852233 1.66828e+06 274 19982.644662 79866000
851584 1.67254e+06 271.000000285 24824.6567881 138501904
853624 1.67486e+06 248.000002353 29820.317955 265396496
855386 1.67829e+06 208.000123357 34777.5668631 277044288
857982 1.67978e+06 175.99998689 39734.8157682 360863104
859188 1.68339e+06 124.000082462 44768.8891918 418899584
861784 1.68692e+06 73.0000001432 50110.2606891 470132096
864103 1.68933e+06 40.9999864975 55029.0973351 634805120
867627 1.69044e+06 22.0000681719 59986.3462425 642775488
871429 1.69072e+06 12 65020.4196656 680651072
875324 1.68998e+06 5 69977.6685748 1080483328
878755 1.69081e+06 3 74627.6194093 1210196736
