470905 1.08423e+06 794.999984658 0 24300
469421 1.08785e+06 655.000001083 5203.63334202 10141200
467381 1.09118e+06 573.000000523 10292.0299049 15997500
466917 1.09545e+06 538.000032681 15418.8387296 23935500
465619 1.09925e+06 513.999954555 20776.1211075 45181800
468679 1.10231e+06 461.999999585 26171.8157442 62127000
471183 1.10509e+06 352.000001258 31452.2736031 77849104
471925 1.10843e+06 313 36310.1966124 194375696
474614 1.11121e+06 307 41437.0054351 474627584
474707 1.11557e+06 302.000015324 46218.1039262 658270784
477396 1.11938e+06 301.000015184 51613.7985631 1130274048
478231 1.12225e+06 299 56625.3706099 1175334272
480827 1.12531e+06 289.000030621 61752.1794325 1355470208
485093 1.12485e+06 287 66571.6901848 1448134144
488617 1.12605e+06 280.000000134 71237.5518999 1593334784
491121 1.12948e+06 269.000076548 76402.7729814 1721849344
494552 1.13301e+06 265 81836.8798764 1765014272
498076 1.13254e+06 248.000003463 86963.6886978 1827983744
501415 1.13189e+06 216.000138157 92090.4975212 1848104064
504846 1.13477e+06 209 97332.5431219 1905492608
508370 1.13662e+06 190.000000133 102728.23776 2224486912
510503 1.14024e+06 177 108354.405949 2233267200
513378 1.14237e+06 167 113135.50444 7696620032
516252 1.14488e+06 159 117916.602933 7726411776
514119 1.14896e+06 158.00012232 123197.060791 7777223168
518293 1.151e+06 154.000122338 128323.869615 7799797760
517458 1.15499e+06 148 133104.968107 7837559808
517551 1.15934e+06 148 137501.944009 7858134016
517458 1.1637e+06 142 141975.744427 8278402560
516067 1.16806e+06 142 146910.491954 8327269888
514861 1.17233e+06 135 152037.300777 8587782144
512079 1.17557e+06 130 157087.285083 8625544192
511430 1.1791e+06 130 161829.971314 8688222208
509204 1.18234e+06 130 166649.482065 10160420864
509761 1.18522e+06 130 171776.290888 10189694976
508741 1.18828e+06 130.000001633 176787.862933 10205246464
511059 1.19162e+06 124 181684.198203 10297603072
511245 1.19597e+06 124 186734.182507 10537338880
514305 1.19931e+06 123.000243721 191937.815847 10668541952
515510 1.20061e+06 118.000335269 197218.273706 10750578688
515140 1.20497e+06 118.000121852 202114.608975 11122401280
515510 1.20933e+06 115 207164.59328 11400952832
514583 1.21369e+06 112 212060.928548 11434332160
515696 1.21805e+06 104 216957.263816 11497625600
518385 1.22129e+06 103.0001369 222199.309415 11964363776
518663 1.22315e+06 103 227402.942756 11979584512
520704 1.22667e+06 101.999984801 232798.637392 12029123584
521260 1.23094e+06 94 237426.086847 12059466752
518014 1.23279e+06 92 242091.948563 12064966656
514212 1.23567e+06 92 247641.292234 12523742208
514305 1.24002e+06 92 252806.513315 12607917056
514676 1.24392e+06 92 257587.611806 12694830080
517180 1.24689e+06 74.0000007935 262714.420628 12735475712
515140 1.25023e+06 63.0000005535 267725.992673 12751643648
516160 1.25458e+06 63 272507.091164 12997332992
515881 1.25876e+06 57.000000405 277518.663209 13054940160
518385 1.26024e+06 57.0000009535 282414.998476 13079491584
517272 1.26386e+06 47 287772.280852 13101126656
519313 1.26618e+06 46.0000001402 292514.967085 13128067072
522466 1.26673e+06 42.0001058822 297372.890095 13139050496
523857 1.27072e+06 37 302153.988586 13163593728
524042 1.27508e+06 34.0000015789 307203.97289 13680203776
524413 1.27944e+06 29 311716.185568 13684852736
520518 1.28268e+06 27 317227.116981 13697197056
520704 1.28704e+06 26 321892.978695 14074608640
516345 1.28713e+06 26 326750.901705 14078432256
512079 1.28843e+06 23 331762.473749 14147395584
508370 1.29223e+06 20 337427.054199 14153996288
508370 1.29659e+06 20 342016.091396 14393375744
504197 1.29613e+06 14 346720.365369 14402917376
501693 1.29947e+06 12.0000012424 351693.525154 14424334336
499189 1.30383e+06 12.0000005468 357089.219791 17343614976
499189 1.30781e+06 9 362369.677649 17478389760
499282 1.31217e+06 8 366920.302586 17483235328
498633 1.31653e+06 7.00000054469 371624.576558 17485737984
495016 1.32089e+06 6 377481.218302 17488855040
493810 1.32441e+06 6.00000013003 382761.676159 17574449152
497056 1.32339e+06 6.00000025615 388003.721759 17614430208
499653 1.32738e+06 6.00001500448 393437.828653 17636147200
