606206 882622 1977.00000029 0 0
607504 878913 1901 4979.75 12506400
607040 874740 1685.00000189 9729.03 34263000
605186 871216 1615.00000124 14708.8 49442400
601847 867970 1552.00007629 19957.4 59640300
600363 864910 1516 24514.6 75127504
596283 864631 1510 29456 153843296
593594 867506 1371.00007625 34358.9 175097696
590441 869454 1284.00009208 39300.2 308861088
588400 872050 1252 44280 350081984
584877 872792 1237.00001526 49490.2 493346688
582836 875574 1211.00009186 54546.8 519404416
581167 877985 1201.00000029 59526.5 599294720
580796 881695 1189.00000112 64583.1 657404096
578107 882622 1172.0001374 69754.9 699896704
575139 884940 1138.00000029 74849.9 749071808
572728 885219 1111.00000231 79714.4 768503680
571523 884662 1091.00004582 84578.9 776174400
570132 882622 1073 89443.4 795023104
568926 880304 1057.00022974 94500 842221824
566051 881324 1043.00015282 99326.1 903538816
565217 882993 1024.00016798 104114 907240512
562991 881602 1008.00024429 109209 964426496
559653 882993 990.00007677 114150 984692672
557891 880675 950.00009259 118899 1000625408
555943 883086 899.000274937 123764 1017052224
554181 880118 895.000030687 128782 1083650432
552141 876594 866.000001636 133685 1102134656
552048 873256 841 138473 1204178432
549915 871679 800 143606 1941934464
546113 872421 782.000000958 148317 2113913728
543609 870474 772 153220 2170751488
539993 872885 765 158315 2182941952
538416 870474 743.000001503 163179 2335181312
535170 870196 728.000061181 168082 2393217792
531461 871401 691.000228831 173254 2425869056
529328 875203 671.000046589 178234 2467519232
526917 877243 660.000015264 182906 2529711104
522744 876780 645.000137543 187502 2790547200
518663 875945 613.000137395 192213 2829807872
516901 872421 597.000305279 197308 2883194880
513285 871030 566.000030665 202288 3117471232
512821 867506 550 207075 3194388992
509019 865930 548 212132 3239643648
505773 864260 518 216996 3288673024
504382 860922 430.000184826 221861 3305585664
500858 858789 339.000077323 226956 14957030400
496871 859253 308 231705 15010150400
493161 861942 279 236877 15062128640
489637 860922 252 241972 15381697536
485742 861386 247 246836 15824257024
482033 864724 232.000060975 252200 16040243200
478509 868248 196.99993911 257564 16050911232
474892 869639 176.000000402 262390 16139234304
470905 870566 164 266947 16285932544
466732 870659 156.000045909 271389 16336508928
462929 871216 136 276177 16357853184
459498 873070 73 281272 16393687040
455511 874090 66.0000152553 286098 16774816768
451801 875018 61.0000002665 291001 16778939392
449576 878449 57 296173 16813736960
446237 881787 53 301460 16825287680
442991 883457 50 306325 23739553792
441508 887537 48 311227 50228641792
437335 887444 45 315516 50229194752
433440 885219 42.0000154076 320803 50462928896
433440 881046 42 325053 50464092160
430379 879469 41 329956 50813939712
426206 880025 41 334513 50831507456
425835 884199 41 339147 50839130112
423610 882808 41.0000022776 343935 50874875904
421291 879562 41.0005039362 348684 50901831680
418138 875760 40.0000915459 354009 50937491456
413965 876594 32 358759 50955075584
409885 876965 27 363815 51674558464
409236 880860 25 368987 51733762048
406825 884755 21 374044 51759493120
402651 885497 21 378524 51771043840
398664 882437 21 383965 53344948224
398293 878264 21 388752 53355356160
394862 878356 19 393578 53398278144
394120 882158 18.0000152673 398520 53408595968
390967 878820 17 403807 53425639424
386794 880953 14.0000001262 409324 53458956288
383919 884384 12 414381 54238928896
379746 887908 11 420014 54308052992
375573 888279 10.0000152769 424340 54822195200
372420 884848 8 429512 55004549120
368618 883178 5 434530 55361839104
364444 885590 5 439702 55372144640
360271 885219 2 444029 55461552128
356098 884570 1.00007633746 448471 55747911680
