471647 1.02998e+06 987.000152159 0 64800
472945 1.03322e+06 913.000015484 4918.836646 11032200
474150 1.0373e+06 888.000000965 9914.49781429 51435000
475356 1.04074e+06 875.000092379 14948.5712375 88978496
478045 1.04296e+06 860 19944.2324074 131001296
480735 1.04491e+06 841.000061417 24978.305835 242343904
482775 1.04769e+06 835.000001051 29935.5547444 277692288
485742 1.05084e+06 827.00000056 35276.9262431 311574592
488895 1.05326e+06 822 40234.175152 642435328
488246 1.05734e+06 820.000030828 45460.3098733 812324672
488988 1.0603e+06 816 50571.2078177 859814976
489730 1.06216e+06 806.000000808 55682.1057621 883953024
491585 1.0655e+06 784.999878665 60869.8282254 903401088
494460 1.06828e+06 723.000000685 66019.1384301 1131910144
495016 1.07217e+06 721.000061353 71283.6854104 1142091904
496407 1.07607e+06 716 76125.6975424 1177496960
497705 1.07857e+06 707.000076694 80967.7096733 1596339840
500858 1.08163e+06 670.000015619 86501.1424654 1610790272
501971 1.08534e+06 642.000015623 91612.0404102 2709522944
503177 1.08933e+06 632 96722.9383559 2778429696
502249 1.09341e+06 607.000000704 101680.187265 2799789312
503919 1.0974e+06 539.999972021 106599.023915 2814239744
504939 1.10157e+06 507.00000097 111556.272822 2834254848
504289 1.10584e+06 496.000000538 116321.460435 4429881856
504104 1.1101e+06 484.000000552 120894.586755 4454109184
501878 1.11298e+06 453.000000959 125890.247923 4500360192
503177 1.11715e+06 419.000002947 130962.733608 4580323328
506237 1.12095e+06 391.000000271 136304.105105 4593242624
508555 1.12457e+06 308.999969653 141261.354014 4696233984
510781 1.12809e+06 205.00041335 146218.602923 4704957952
512728 1.13115e+06 188 150945.378277 4789271040
512543 1.13542e+06 181.000000405 155441.680077 4809731584
513470 1.13968e+06 177 160091.630913 5354869248
510781 1.14163e+06 177.000138694 164972.055304 5366136832
513841 1.14367e+06 164.000306065 169814.067435 7699884544
515603 1.14608e+06 158 174579.255049 7737298432
515232 1.14998e+06 158.00000106 179920.626547 7782723072
518385 1.15202e+06 152 184724.226419 7820363776
517458 1.15591e+06 148 189220.52822 7837641216
517551 1.16018e+06 147 193524.768725 7862807552
517272 1.16444e+06 142 197982.658265 8280557056
516067 1.16871e+06 142 202747.845878 8328209408
514305 1.17261e+06 134.000000139 207897.156081 8589361664
512079 1.17604e+06 130 212739.168213 8625585152
511059 1.17919e+06 130 217427.531306 8689161216
508926 1.18262e+06 130.000045773 222231.131179 10160785408
509761 1.1854e+06 130.000244091 227149.967828 10189775872
508834 1.18837e+06 130.000001676 232107.216736 10205287424
511059 1.19162e+06 124 236872.404349 10297603072
511245 1.19588e+06 124.000001235 241829.653257 10537095168
514119 1.19922e+06 123.000001445 246902.138941 10668429312
515603 1.20033e+06 118.000076739 252089.861403 10749656064
515232 1.2046e+06 118.00003072 256893.461276 11120433152
515974 1.20887e+06 115.000001255 261697.061148 11400271872
514583 1.21313e+06 113 266692.722315 11434235904
515232 1.2174e+06 105 271304.260892 11496742912
517643 1.22157e+06 103 276530.395612 11963675648
519498 1.22287e+06 103 281641.293556 11975898112
520054 1.22574e+06 103 286790.603759 11991774208
521167 1.22992e+06 95 291555.791372 12058332160
519127 1.23279e+06 92 296167.32995 12064229376
515418 1.23446e+06 92 301124.578857 12512920576
513378 1.23873e+06 92.0000455319 306312.301318 12596893696
513841 1.24299e+06 92.0000155674 311154.31345 12693542912
517458 1.2454e+06 92 316226.799135 12710867968
515789 1.24865e+06 64.0000001315 321068.811264 12740732928
515418 1.25291e+06 63 325718.7621 12755840000
515325 1.25718e+06 63.000000539 330637.598747 13006704640
518293 1.25839e+06 57.0000302969 335710.084431 13069625344
516716 1.26247e+06 47 340628.92108 13086514176
519591 1.26423e+06 47.0000453902 345432.520951 13113859072
520333 1.26757e+06 44 350082.471787 13131978752
523393 1.26849e+06 39 354924.483919 13152026624
524784 1.27276e+06 36 359766.496049 13670653952
524042 1.27703e+06 32 364339.622366 13682196480
522837 1.28074e+06 28 369181.634496 13690733568
520518 1.28444e+06 26 374330.944699 13699732480
519034 1.28769e+06 26 379019.307794 14076269568
514861 1.28723e+06 24 383669.25863 14079501312
510595 1.28955e+06 22 388895.393351 14150546432
508555 1.29363e+06 20 394083.115814 14156394496
507257 1.29622e+06 20.0000001301 398656.242131 14399662080
502991 1.29631e+06 12 403190.95619 14410896384
501322 1.30058e+06 12.0000014766 408148.205097 17337628672
498725 1.30485e+06 12.0000456865 413489.576596 17344294912
499467 1.30874e+06 8.00000109395 418600.474539 17479055360
499374 1.31301e+06 8 422981.539562 17483542528
498447 1.31727e+06 7.00000025777 427631.490397 17486190592
494367 1.32154e+06 6 433587.458038 17489430528
494367 1.32488e+06 6 438698.35598 17574772736
497427 1.32349e+06 6 443732.429406 17626540032
499745 1.32775e+06 6.00000013651 449035.388645 17636462592
