534243 424324 1085.00058703 0 56700
535541 420243 570.000015043 5133.39932822 14895900
533501 416998 445.000042829 9921.08832599 22599000
532110 413566 383.000001005 14824.0140996 34538400
531739 409672 351.000042681 19803.7643918 118438200
533965 406611 322.00009794 24898.7514611 141385504
533965 403180 305.000014776 30070.5630467 319682688
534243 399471 289.00000049 34935.0765613 345983392
532296 395390 284 39953.2391118 364135488
531739 391310 256.000000242 45009.8139213 614619904
534614 388435 238.000013605 50066.3887299 723832192
536098 385097 221.00001384 54969.3145034 3597987584
534521 382407 213 59718.5912418 3610413056
532296 380831 202.000055262 64429.4557194 3781549824
528586 380738 194.000097004 69370.7937513 3826310400
525340 380182 186.999986566 74235.3072663 3854141952
523486 378605 176.000083184 79176.6452992 4282469888
524877 374896 169.000013912 84117.9833325 4305247232
524413 370815 166 89059.3213654 4334488064
524228 366642 158.000014135 94077.4839167 4410360832
523764 363118 147.000054961 98941.997431 4496204800
521075 359965 139 103883.335461 4612561408
520889 356163 129 109131.971565 5033008128
520147 352639 121.000000384 113727.599268 5077225984
515974 352176 116.00009576 118784.174078 5113610752
513378 348373 109 123879.161147 5166763008
513099 344200 102.000001207 128397.964333 5626235904
512728 340213 99.0000147753 133108.828811 7100808192
510410 337338 94.0000544364 137858.105548 7171999232
509761 333258 94.0000026082 143106.741652 7973057024
510595 329084 87 147856.01839 7990180352
511801 325190 82 152643.707387 8043510784
508555 324170 72.0001760927 157623.457679 8061363200
507350 320089 68 162257.497641 8947648512
509761 317214 61 166891.537601 9231091712
513934 317400 56 171141.454969 9273779200
518014 315638 51 176236.442037 9486784512
520518 312578 47 180985.718775 9535028224
523393 310259 44 185734.995512 11538984960
526082 306735 38 190753.158062 11799196672
524877 302562 32 195579.259318 11860700160
529050 300893 29 200443.772831 11873789952
530348 297833 24 205461.935382 11883526144
532759 295051 19.0000804163 210211.212119 12028151808
536190 294587 15 215114.137891 12035166208
539622 290970 11 220478.010774 13496665088
539622 286797 8.0000002478 225035.226217 13540875264
542218 283273 6 230014.976509 13608007680
543424 280027 3.00001345286 235071.551318 13661475840
545371 276133 0 240089.715103 13684925440
