402002 983333 598.999861168 0 24300
398107 983796 484.000092079 5149.31 20549700
395140 984631 445.00010743 9991.32 33566400
391616 987506 420 15217.5 123022800
387721 988897 368.999984918 20136.3 203423392
384568 989546 304.000171204 25055.1 246547808
381044 990288 216.000001914 30089.2 255449696
378818 990381 168.000031833 35238.5 301060800
376500 986486 104.000046698 40311 315737984
374924 989917 68.999985033 45037.8 328803296
371492 989546 59.0000613886 50263.9 398236512
368896 987320 57 55374.8 485157600
366299 989453 49.0000920585 60216.8 528476416
363239 989082 43.0000154685 65212.5 556607680
360642 987691 32 70054.5 569114112
358046 984909 26.0000613886 75011.7 580462208
354058 986115 21 79969 1299329152
350627 984446 15.0000156005 84657.4 1377340160
346547 985373 10.999984788 89691.4 1552834816
342466 986393 6.00001534133 94687.1 1576316672
338386 987784 4.00001534204 99759.6 1597230848
334491 990102 4 104832 3764296704
330782 992977 4 110289 4007151104
328092 997150 2 115707 4036165120
324290 1.00021e+06 1 121048 4052486656
