413780 404664 531.00000047 0 1134000
413594 400491 500.000000484 4688.36309752 16321500
411925 396689 475.00000012 9607.19974879 30885300
410256 392516 458.000013868 14602.8609205 50357700
407752 389270 432.000014091 19560.1098317 77014800
403857 388250 404.000028034 24478.9464856 172432800
401724 384077 392.000000118 29589.8444329 271228512
399220 381109 381.00000035 34739.1546387 317665792
397087 377956 370.000013683 39734.8158089 366079488
395140 374989 360.000000118 44653.6524609 451153792
393007 371465 350.000013766 49726.1381502 458419488
389298 369981 340.000013765 54837.0360953 527925600
385959 371094 330.000000113 60024.7585582 550872896
382713 371372 321.00002766 65058.8319869 624032128
378726 370908 306 70092.9054143 950170496
375016 368868 295.00001376 75203.80336 995246976
371678 368404 281.000027727 80353.1135661 1073663104
369359 365808 269.000055214 85425.5992542 1098562560
365743 364046 259.000027462 90382.8481646 1138641280
362497 360985 238.000013716 95570.5706292 1187273728
359159 358296 219.000013823 100950.354391 1208633344
357118 354772 205.00005476 106061.252339 1345320960
353780 351805 188.000123101 111172.150286 1363400064
349792 352639 175.00000035 116129.399195 2016017152
345990 351248 172.000000118 121317.12166 3897055744
341910 350506 159 125813.423462 3898740480
338293 348744 149.000013779 130847.496891 4093424128
335511 345406 140.00001376 135881.57032 4316238848
332729 341882 130.000013744 140992.468268 4375482368
329947 338822 121 145911.30492 4389827584
326516 336225 111.000000108 150906.96609 4519006208
324754 331959 102.000001028 155902.62726 4605230592
323085 327972 92.0000136681 160744.639396 4632940544
323455 323799 83 165740.300567 4674712576
324568 320182 73.0000136308 170735.961738 4898418176
322157 316751 65.0002160332 175654.79839 5391343616
317984 314711 54.0000136046 180727.284077 5437805568
314738 311094 43.0000135867 186068.655578 5678764032
312698 306921 34.0000146008 191141.141267 5727558656
310843 302748 27.0000006377 196136.802439 5753332736
310751 298482 19 200441.042947 5768512000
306670 295792 8.00001349782 205744.00219 5826022400
