863917 1.57443e+06 1516.00000044 0 2527200
865401 1.57814e+06 1250.99971827 5034.07342534 8820900
865587 1.58231e+06 803.999889646 9722.43651766 56627100
866792 1.58602e+06 624.000002109 14794.9222023 73604704
868554 1.58973e+06 563.000016705 19790.5833676 83673000
869389 1.5927e+06 519 25093.5426068 234171008
871336 1.59631e+06 506.000002323 30050.7915143 258390000
871522 1.59984e+06 440.000001699 35084.8649391 284601600
869760 1.6016e+06 392.000028117 39888.4648062 292588192
869574 1.60485e+06 355.000031411 44960.9504879 476895616
872634 1.60466e+06 323.000014047 49879.7871363 492431392
875602 1.60698e+06 307.999987915 54721.7992669 533862912
878106 1.60828e+06 294.000126586 59640.6359157 587760320
881723 1.6093e+06 273.000238553 64828.3583765 648858624
884597 1.61245e+06 248.000014015 70054.4930972 799356608
888029 1.61162e+06 210.000000709 75011.7420044 822368704
890903 1.61347e+06 167.000546236 79930.5786523 877221888
893964 1.61532e+06 55 84849.4152993 883985408
896931 1.61727e+06 44.0000419611 89998.7255013 955678528
899899 1.61894e+06 33.0000419392 95032.7989258 1044567872
902310 1.62135e+06 26.0000977652 100066.87235 1077988480
906390 1.62117e+06 21.0000139705 105177.770293 1097776768
909914 1.62321e+06 12.999986035 109981.370165 1140350464
913160 1.62432e+06 9.00005569599 114823.382296 1173689984
