384846 1.03972e+06 365.000018115 0 8100
386330 1.04259e+06 306.00001535 4710.86 35081100
389298 1.04547e+06 277.000015355 9729.03 46372500
391152 1.04862e+06 257 14555.1 66217500
392636 1.05196e+06 239.00000013 19304.4 97110896
391523 1.0553e+06 225 23976.9 126943200
388927 1.05808e+06 215.000015351 28879.8 209490304
390132 1.06169e+06 203 33475.4 242595008
390039 1.06587e+06 194 38378.3 394397088
388463 1.06939e+06 193 43012.4 484728288
386979 1.07292e+06 183.000061383 47992.1 529205408
385495 1.07653e+06 177.000047983 53087.1 555854400
386516 1.07968e+06 169.00000076 57874.8 701767808
384197 1.08098e+06 166.000138149 62816.1 717506112
381879 1.08386e+06 159.000030679 67642.2 807586176
379375 1.08645e+06 149.000138719 72429.9 836665216
376964 1.08942e+06 148.000030678 77640.2 1115823616
375944 1.09322e+06 143.000000132 82927.2 1155505536
375573 1.09703e+06 137.000245304 87868.5 1311794944
373625 1.10018e+06 132.000001018 92733.1 1322697600
372791 1.10352e+06 130.000000254 97904.9 1357438464
371400 1.10547e+06 127.000015323 102808 1431901824
369359 1.10815e+06 123 107672 1565608448
367597 1.1114e+06 112.000000511 112652 1617027328
366670 1.11372e+06 111.000030636 117517 5652244992
368432 1.11724e+06 109.000260533 122612 5663082496
365650 1.11965e+06 97.0000003805 127514 5679193600
363888 1.12262e+06 92.0000306313 132379 5782014976
362868 1.1255e+06 84.0000002508 137436 5795833344
359808 1.12679e+06 74.0000459427 142377 5902996480
359251 1.1306e+06 73 147088 5929467392
356747 1.1318e+06 71.0001538628 151837 5944387584
353038 1.13301e+06 69.0000006384 156778 5976382464
349236 1.13143e+06 65.0000613658 161681 6298535936
346732 1.12781e+06 62.0000306217 166738 6318380544
345805 1.13069e+06 57 171679 6329818112
344228 1.12837e+06 48.0000458038 176505 6375283200
342095 1.12679e+06 43.0000001295 181101 6441322496
338942 1.12633e+06 37.0001072303 186350 6461013504
334769 1.12772e+06 34 191329 6474483712
331338 1.1242e+06 29.0000005111 196655 6581703680
329576 1.12002e+06 27 201788 6662063616
328278 1.11613e+06 22.0000002526 206537 6744197632
325681 1.114e+06 20 211402 7040722432
323085 1.11613e+06 17.0000006366 216574 7057764864
320210 1.11706e+06 14 221746 7069250560
317149 1.11363e+06 10.00003065 227033 7077342720
312976 1.11251e+06 10.0000001295 231667 7214273024
309545 1.11177e+06 8 236685 7273581056
305372 1.11372e+06 5 241665 7313587200
