413131 536905 921.999956647 0 0
411276 540799 843.999986138 5165.22 25830900
412110 545158 799.000000121 9946.32 84539696
413409 549517 771.00007273 14996.3 134127904
414151 553504 739.999973878 20507.2 201592800
414058 557863 705.999985474 25442 217582208
412945 562036 685.000001591 30568.8 280357184
414522 566116 650.999986163 35542 318670208
416376 570382 622.000014564 40784 345521696
416284 574462 596 45910.8 390023104
416376 578821 596 50307.8 396219584
415542 583179 596.000014611 55012.1 636846272
414707 587353 556.00000051 60023.6 782484288
415263 591618 524.000074327 65112 799850688
414058 595421 492 69969.9 828540928
413131 599408 458.000000261 75327.2 862228800
412667 603581 435.000029356 80338.8 914020224
410441 607105 409 85427.2 941276672
410070 611000 383.000073504 90515.6 975879872
408587 614524 361 95604 1944445440
409421 618883 341 100462 1971337472
410070 623148 322 105435 2059044352
410349 627507 299.999986419 110139 2232959488
409699 631866 283.000000126 114844 2345103872
410998 635853 267.000029659 119894 2410519552
409143 639748 250 124905 2462075904
410256 643736 232.000029849 129878 2505451520
413872 646147 215 134928 2523044608
415820 650413 197 140055 3781914368
415449 654678 184 144759 3843142144
415356 659037 170.999985287 149387 3881025792
416376 663303 157 154206 3885270272
412110 664045 153 158911 38624436224
407752 663674 148.000118774 163423 38789468160
403393 663210 144 167973 38795677696
399035 662283 143.000252318 172870 39005671424
394676 660521 141.000103907 177958 40162803712
390318 658759 141.000326368 183047 40438763520
385959 657646 136 187866 40710000640
381601 657461 130 192378 40755789824
377242 657368 127.000044615 196775 41626918912
372883 655977 124.000044476 201787 41956532224
368525 655884 121.000000128 206261 42182217728
364166 656070 120 210696 42247446528
360086 654122 113 215746 42683580416
356006 650784 113.000207367 221372 42885783552
351647 650598 106 225884 43086831616
347474 648558 104.00013324 231011 43181879296
343115 646425 103.000059203 236253 43423993856
338757 645683 98.0000444074 240919 43636854784
334398 646240 96 245508 46637969408
330782 645034 92.9999852032 250904 46701690880
327350 648187 90.0000008277 256492 46820802560
325496 644385 85 261388 46851428352
322806 647352 82.0000024634 266668 46875840512
318911 649949 82 271910 46940684288
314553 649485 77 276692 46978379776
310194 646981 71.0000148023 282087 46989217792
305928 645683 66 287022 48067903488
305558 641325 63 291534 48069337088
301292 639934 59.0000295515 296431 49473019904
296933 638821 56 301250 49548705792
292575 640768 51 306415 49740570624
288216 642252 47 311388 49918373888
286361 646518 44 316477 49957371904
285805 650876 40 321066 49975209984
281910 654957 36 326923 50096603136
278015 658944 30 332741 50180997120
274584 662190 29 338060 50198986752
273564 666549 21.9999851429 342841 50200412160
271153 670907 19.0000006165 348198 50208587776
269298 674988 15.0000748397 353286 50222137344
267629 679346 13 358336 50453327872
263363 683056 9 364193 51232694272
259004 686023 6.00000000001 369781 51281666048
255295 690196 3 375599 51336835072
250936 690103 2 380457 51358834688
246578 690103 0.00014913271 384816 51359232000
