455603 737955 707 0 2421900
459591 735915 555.000090187 5072.49 14158800
463671 734245 472.999999866 10183.4 26090100
467659 734524 419.000059983 15217.5 37243800
471276 737677 373.000105203 20597.2 71118000
473687 739810 348.999985225 25516.1 91035904
473965 743890 332.000000896 30511.7 116283600
472481 747785 315.000000135 35545.8 144722704
472945 751772 302.000030123 40656.7 289510208
473872 755575 281.000000406 45575.5 333865792
474058 759840 264 50148.7 500677184
474336 764106 251.99998518 54913.9 552978880
475820 768094 238.999984902 59755.9 702035072
475727 772360 234 64213.8 709786816
474336 776069 218 69055.8 840658496
475727 780057 207 73782.5 1083950080
475820 784323 197 78547.7 1102709760
473594 788217 185.999984863 83581.8 1109635200
474521 792483 175 88308.6 1157384704
474058 796749 168.000000265 92766.5 1342656000
473594 801015 163 97378 1382491776
472203 804910 150 102604 1509062400
470163 808341 141 107600 1540911616
469328 812421 138 112442 1566637184
466824 816224 128 117553 1731188736
463950 819562 121.000000135 122779 2359708160
461538 823271 116.000000687 127813 2397308416
463115 827537 110 132732 2449998848
463579 831618 106 137420 2549726208
460982 835791 99 142723 2561827584
459035 839964 93.9999851988 147757 2928790016
457273 844137 87 152791 2945321984
455232 847568 80.0000307322 157710 2967272960
453934 851741 80.0000152354 162629 4461123584
453192 856007 74 167433 6304780800
452914 860273 71.0000613871 172351 6399963648
450688 864075 67.0000001326 177654 6425365504
451338 868341 64.0000004097 182343 6510877184
451152 872607 62 186916 6515648000
449297 876780 58 191988 6751609344
445773 880489 53 197483 6832390656
442899 884013 50.0000460593 202940 23740168192
440858 887444 48 207936 50228715520
436593 887352 44.0000152724 212393 50250522624
433347 884384 42 217696 50463666176
433440 880118 42 222001 50464174080
429359 880118 41 227265 50819252224
425464 881138 41.0000008077 231954 50836197376
425001 885219 41 236642 50864672768
423610 881509 41.0000008857 241253 50876948480
420086 878264 41.000001925 246556 50908631040
416655 875574 37.0000153946 251667 50940592128
412481 875852 29.0000152611 256701 50959822848
408587 878542 26.0000155213 262004 51679862784
408123 882529 23 267192 51736457216
404970 885219 21 272111 51763269632
400890 884291 21 276991 51778682880
397736 880396 21 282410 53351256064
396438 877336 20 287175 53372358656
395604 880582 19 292132 53404151808
392172 880675 17.0000006624 297473 53420097536
388556 879191 15 302853 53433122816
384939 883178 13.0000001289 308502 54226243584
381322 886888 12 314035 54302814208
377057 888279 11 318877 54313529344
373625 886146 9.00000050775 323681 54826835968
369916 882900 5 329137 55354744832
365650 885219 5 334364 55370969088
361384 885219 3.00003054447 338937 55375601664
357118 884755 1.00003055 343395 55725846528
353409 887259 0 348698 55764873216
