409607 839407 407.999419787 0 8100
407381 836811 258.000045759 4902.93 15543900
403950 833565 207.00004654 10190 33339600
400704 830783 185 15208.1 130790704
398107 827259 164.000000128 20341.5 215208896
394027 827630 148 25244.5 357817504
389947 827259 135.00003053 29916.9 379160992
385959 825590 120.000015448 35165.6 400544992
381879 826146 104.000015324 40068.5 428157888
378262 824755 91.000000125 45048.2 451793696
375480 822437 81 49912.7 737804672
371678 821973 75.0000001253 55046.1 750975296
368061 824199 63.0000001235 60294.8 760784384
364166 825961 52.0000151898 65236.1 780945280
360735 826981 50 70062.2 786672000
357304 826053 44.0000151938 74926.7 792487808
354615 827630 35.0000305102 79983.3 803560512
350720 828557 24.0000004887 85116.7 807294592
347659 830876 19.0000153272 90019.6 911274304
343857 832916 6.00003052897 95191.4 917997312
340055 834400 2 100210 964920576
