833315 1.36392e+06 1085.00019555 0 97200
831553 1.36021e+06 910.000003742 4896.33526803 9906300
830440 1.35585e+06 882 9946.31957232 32772600
831460 1.35168e+06 878 15111.5406524 61746300
832666 1.34732e+06 870 20046.2881807 91789200
834706 1.34324e+06 843.000000151 25365.1582951 164794496
835169 1.33925e+06 834.000359283 30453.5548578 195647392
837859 1.33675e+06 830.000017628 35311.4778663 266959808
840641 1.33378e+06 807.000089905 40707.1724997 300712512
843886 1.33248e+06 791.000269638 45910.8058425 434135712
847318 1.33211e+06 758.0000003 51191.2636979 489555904
850934 1.33267e+06 741.000449592 56394.8970384 515629792
852511 1.33582e+06 698.000002875 61752.1794143 533433600
856220 1.33554e+06 679.000000618 67109.4617878 709770624
860022 1.33675e+06 637.000089849 72581.9809406 752724928
863175 1.33712e+06 601 77747.202022 1208390400
866885 1.33628e+06 573.000284592 82797.1863242 1225902592
868090 1.33313e+06 542.000000627 87847.1706291 1266362112
871151 1.33489e+06 461.99976362 92935.5671942 1277013632
874582 1.33675e+06 187.000119791 97831.9024635 1366980352
877828 1.33554e+06 42.0000014532 103150.772583 1426863616
881908 1.33665e+06 20.9999552486 108085.520109 1448523008
