524228 1.02219e+06 1086.00006111 0 97200
521446 1.02219e+06 936.000000279 4957.25 8456400
518385 1.02525e+06 873.000185724 10145 30010500
515974 1.02877e+06 846.000030838 15179 61713900
514305 1.03109e+06 831.000078725 20174.7 68906704
514119 1.03499e+06 810.000000265 25132 145751392
515325 1.03925e+06 797.000000137 30281.3 204079504
513470 1.0412e+06 790 35353.8 242465408
512821 1.04537e+06 774.999940628 40464.6 260139600
513007 1.04908e+06 750.000000143 45345.1 326964608
512636 1.05224e+06 735.00001521 50225.5 340402496
511337 1.05632e+06 726 55029.1 423921600
509297 1.05956e+06 709.00004603 60178.4 434816096
508370 1.06271e+06 682.000001066 65212.5 782354688
507072 1.0655e+06 677 70169.7 833700608
507442 1.06958e+06 666 75280.6 868028416
506701 1.07292e+06 665 79853.8 902728832
503084 1.07431e+06 660.000000424 84811 937890880
503269 1.07839e+06 649 89691.4 945699328
502713 1.08247e+06 648.00004684 94418.2 1035819904
502064 1.08543e+06 642.000000134 99413.9 2709530880
503177 1.08942e+06 631.999984661 104486 2778445824
502249 1.0935e+06 607.00007822 109444 2800024320
503919 1.09749e+06 537.99995501 114362 2814264064
504939 1.10166e+06 507 119320 2834262784
504289 1.10593e+06 496.000001077 124085 4429906432
504011 1.11019e+06 483.999969356 128696 4454505984
501878 1.11307e+06 453.000001095 133654 4500432896
503177 1.11724e+06 419.00000134 138726 4580363776
506330 1.12104e+06 390.999985098 144106 4593250816
508555 1.12466e+06 307.000001682 149025 4696558080
510874 1.12809e+06 205.000398049 153982 4705087488
512728 1.13125e+06 188 158709 4789286912
512543 1.13551e+06 181 163205 4809739264
513470 1.13978e+06 177.00012341 167855 5360045568
510688 1.14172e+06 177.000016541 172774 7626619904
513934 1.14367e+06 164 177577 7699900416
515510 1.14618e+06 158 182381 7737379328
515325 1.15007e+06 158 187722 7782787584
518293 1.15211e+06 152 192526 7820371968
517458 1.15601e+06 148 196984 7837648896
517458 1.16027e+06 146.000000133 201327 7862872576
517180 1.16454e+06 142 205784 8280662528
516067 1.1688e+06 142 210511 8328225792
514212 1.17261e+06 134 215661 8591353856
512079 1.17613e+06 130 220503 8625592320
510966 1.17928e+06 130 225229 8690384896
508834 1.18271e+06 130.000030942 230033 10160818176
509854 1.1855e+06 130.000030518 234952 10192245760
508926 1.18846e+06 130 239909 10274080768
511059 1.19171e+06 124 244636 10298104832
511245 1.19597e+06 124 249593 10537338880
514212 1.19931e+06 123.000228489 254704 10668518400
515510 1.20043e+06 118.00000066 259892 10749720576
515140 1.20469e+06 118.000000278 264695 11121810432
515881 1.20896e+06 115 269499 11400620032
514583 1.21322e+06 112.99998478 274456 11434251264
515325 1.21749e+06 105 279106 11496775680
517736 1.22157e+06 103 284294 11963683840
519405 1.22287e+06 103 289405 11975914496
520147 1.22584e+06 103 294592 11991863296
521167 1.23001e+06 95 299319 12058340352
519034 1.23279e+06 92 303931 12064237568
515325 1.23455e+06 92 308926 12514515968
513470 1.23882e+06 92 314114 12597030912
513748 1.24308e+06 92.0000001378 318956 12693639168
517458 1.2455e+06 92 323990 12710876160
515789 1.24874e+06 64.0000005261 328832 12740749312
515418 1.25301e+06 63 333482 12755847168
515325 1.25727e+06 63.0000769628 338401 13006729216
518385 1.25848e+06 57 343512 13069811712
516623 1.26256e+06 47.0000454286 348431 13086715904
519684 1.26432e+06 47 353234 13119399936
520425 1.26757e+06 44 357846 13131986944
523393 1.26859e+06 39 362688 13152034816
524784 1.27285e+06 36 367530 13670661120
524042 1.27712e+06 31.9999848855 372103 13682203648
522744 1.28083e+06 28 376983 13690870784
520518 1.28454e+06 26 382094 13699740672
518942 1.28769e+06 26 386783 14076301312
514769 1.28723e+06 24 391433 14079509504
510503 1.28964e+06 22 396697 14150780928
508555 1.29372e+06 20 401847 14156402688
507164 1.29613e+06 20 406458 14402253824
502898 1.29641e+06 12 410993 14411122688
501229 1.30067e+06 12 415950 17337726976
498633 1.30494e+06 12.0000154585 421291 17344432128
499467 1.30883e+06 8.00000054698 426364 17479096320
499374 1.3131e+06 8.00000000001 430745 17483550720
498447 1.31737e+06 7.00003030503 435395 17486231552
494274 1.32154e+06 6 441351 17489528832
494460 1.32488e+06 6 446462 17574780928
497427 1.32358e+06 6.00000000001 451496 17626548224
499838 1.32784e+06 6.00003012958 456837 17637038080
