733902 939098 1010.00001516 0 3118500
736499 937707 988 4918.83664823 12401100
735664 934739 935.000002231 9914.49781574 20331000
734737 930474 928.000000311 14641.2731693 59883300
734551 926300 907.000000592 19560.1098185 65302200
735942 922406 632.00040346 24555.7709889 84969000
735015 918140 603.000002332 29282.5463438 101339104
733531 913874 592.000000151 34239.7952516 118000800
733253 909608 588 39004.9828682 314158496
733160 905342 588 43539.6969286 327491104
733810 901076 588 48074.4109899 375872384
732697 897460 566.000198668 53070.0721583 400852800
734088 893843 554 57950.4965498 418389312
734088 889577 554 62369.9738343 442041312
733902 885311 554 66866.2756361 638344832
734459 881138 527.000000619 71708.2877678 744616832
735386 877522 347.000001185 76934.4224895 766106112
738539 876223 319.00009161 82198.9694729 1144327552
741043 873534 310.000000618 87386.6919372 1155351552
740208 870196 298.00000154 92459.177625 12314097664
742990 867877 263.000213576 97531.6633119 12342067200
745680 867413 231.000017861 102335.263184 12417802240
748462 868063 217 107484.573388 12448129024
751429 865837 159.000004266 112364.99778 12682234880
754861 863982 90.000091497 117437.483467 12705473536
758663 862313 71.0001057927 122586.793671 12765008896
761537 858975 59.0002142732 127659.279357 12941921280
764505 855822 45.0001219475 132693.352785 16381926400
768400 857862 34 137727.426212 16407165952
772573 857954 25 142377.377049 16505596928
774706 855080 17.0000152452 147027.327886 16623500288
778972 855451 12.0000001551 151754.103241 16651834368
783052 853874 6.00007635257 156672.939891 16700442624
787318 852019 2.00001555865 161783.837837 16713928704
