726437 1.06016e+06 979.750022793 0 2349000
729080 1.05669e+06 954.00000121 5061.23499543 20493000
731955 1.05288e+06 949.000030695 10380.1051136 97564496
733253 1.04862e+06 940.000000303 15545.3261959 125776800
737148 1.04788e+06 905.000015501 20710.5472784 164138400
739374 1.04426e+06 904.000000152 25837.3561016 324113408
739003 1.03999e+06 899 30541.6300757 409762816
739095 1.03564e+06 898 35169.0795319 423289792
739374 1.03128e+06 898 39642.879952 432507584
738632 1.02692e+06 898 44308.7416672 514366208
738632 1.02256e+06 898 48667.3053104 514746912
736592 1.01839e+06 898.00018421 53794.1141338 942321600
732882 1.01607e+06 887 58920.9229571 972178176
729173 1.01505e+06 868.000000756 64431.8543704 1631809792
727504 1.01078e+06 863 69520.2509349 1654651776
724351 1.00707e+06 863.000000453 74915.9455714 1709229568
723516 1.00271e+06 863 79620.2195457 1713854720
723887 998356 859 84132.4322251 2082226560
723794 993997 859 88529.4081275 2091784448
723330 989639 859 93080.0330659 2482990080
722496 985280 859 97861.1315583 2567327488
722960 981107 859.000000453 102642.230051 2744830720
723330 976934 859.000092052 107231.267248 3101530624
722774 973596 859.000199419 112396.488331 3485049344
722310 969515 843 117292.823601 3506724864
723052 965157 840 122265.983388 3535892992
723980 960798 840 127008.669622 3569248768
722774 956439 840.000003015 132020.241669 4152756480
722774 952081 840 136762.927902 4581975552
721476 947815 836.000003163 141620.850913 4606656512
720085 943642 817.000000301 146939.721032 4868011008
719807 939283 763 151720.819524 4880493056
720456 935018 725.000002408 156463.505758 4929570816
719714 930752 722 161244.604251 5060321280
719621 926764 678 166102.527262 5096455168
719250 922406 630.000004059 170922.038014 5119224320
718786 918047 626.000004208 175626.311989 5146610176
719343 913688 615.000172082 180215.349187 5228476928
719250 909608 569 185111.684456 5246353920
718879 905342 564 189815.958431 5270645760
718786 900984 564 194750.70596 5501147648
718045 896625 564 199416.567676 5539516928
717859 892267 557.00000255 204005.604874 5558276608
717210 887908 557 208633.054331 5589688320
716561 883549 557.000001348 213260.503788 5608148480
718508 879191 544.000001649 218502.549389 10863938560
720734 874832 510.00004594 223936.656286 10920468480
724072 873534 424 229255.526405 10985414656
727967 870474 365.000137325 234689.633301 11022536704
732326 871216 355 239662.793088 11078111232
735293 873627 343 244751.189653 11112268800
739281 871587 300 249954.822995 11134851072
742156 869639 263.000003934 255043.21956 12322271232
745494 868990 241 260170.028384 12412998656
747720 866579 217.000002426 265258.424949 12446103552
750131 866208 174 270423.646032 12636412928
753748 864260 106.000001368 275435.218079 12700605440
757457 862962 71 280677.26368 12753134592
760332 859809 59.0001982034 285727.247986 12937522176
763392 856100 48.0002773913 291084.530364 16379001856
767473 857027 35.0000041244 296019.277893 16402743296
771646 858233 27.0001371968 300954.025421 16501311488
773964 855543 19.9999998469 305658.299396 16507695104
778230 855358 13 310593.046925 16651550720
782403 854431 7 315412.557676 16697032704
786761 852019 3.00000030565 320769.840054 16713296896
