802341 1.50849e+06 1858.00017797 0 16200
802248 1.5123e+06 1109.99998858 4902.93 15446700
803083 1.51573e+06 860.999929656 9652.2 28917000
804474 1.5199e+06 720.000004621 14632 142098304
803825 1.52379e+06 637.000077527 19342.8 302048992
801043 1.52621e+06 536.000301875 24245.7 352058400
797426 1.5276e+06 349.000001035 29225.5 411609600
794829 1.52992e+06 243.000072543 34166.8 431786688
791491 1.52945e+06 162 39108.2 488016896
787689 1.53094e+06 116 44203.2 735155968
784350 1.53103e+06 90.0000004238 49375 768495616
782681 1.53446e+06 77 54162.7 947562304
780734 1.53854e+06 64.0000005568 59334.5 978917376
778415 1.54151e+06 60.0000143227 64275.8 1013553024
777210 1.54559e+06 51.0000143046 69140.3 1029955520
775448 1.54967e+06 48.0000001469 74389 1053486016
772109 1.5505e+06 40 79407.1 1128038400
769234 1.55347e+06 38 84348.5 1134899072
766916 1.55764e+06 38 89558.7 1435927552
767102 1.56182e+06 38 93808.6 1446109184
765061 1.5659e+06 32 98788.3 2609050624
767565 1.5697e+06 31 103845 2617839104
769234 1.57294e+06 24 108633 2642462976
769049 1.57684e+06 16.0000430846 113228 2660112896
768585 1.58092e+06 10 117939 2663280128
767473 1.58509e+06 9.00005654336 122727 2691484160
