463671 286797 226.000013358 0 72900
467288 284386 212.000026818 4941.33803119 10214100
469885 285592 207.000000115 10036.325099 36717300
471739 289116 194.999999877 15169.7244282 69408896
475820 290321 189.000000122 20034.2379387 139563008
479251 291712 178.000026765 24860.3391908 153316800
483331 290043 170.000026632 29993.7385166 173777408
487226 288745 156 34973.4888082 182185200
489823 291619 148 39991.6513608 201139200
493996 295792 148 45893.2958693 644913920
498169 299966 148 51794.9403769 1139410816
501322 304139 147.999986552 57274.0500363 1829587456
504753 306086 142 62407.449364 1855653248
508926 306086 142 66580.542213 1876105856
513007 305066 137 71214.5821724 1924381824
515696 308312 94.9999997521 76347.9814976 1960588800
519127 310630 53 81404.556305 1976772608
523300 310259 44.9999998794 86269.0698199 11538976768
526082 306828 38 91287.2323707 11799173120
524784 302655 32 96074.9213678 11860652032
528957 300893 29 100977.84714 11872874496
530255 297833 24 105996.009691 11883509760
532666 295051 19.0000536148 110745.286427 12028135424
536098 294680 15.0000133977 115609.799941 12035158016
539529 291063 11 120973.672823 13496536064
539622 286890 8.0000002478 125569.300525 13540858880
542218 283366 6.00000023565 130549.050817 13607999488
543424 280120 4.00000036557 135605.625626 13661403136
545371 276225 0 140623.788177 13684917248
