867070 1.45471e+06 1433.99986442 0 3150900
870780 1.45341e+06 928.000232116 4749.27673357 12117600
874675 1.45239e+06 643 9690.61476379 38952900
878013 1.4509e+06 546.000148308 14363.06698 78732000
881815 1.45007e+06 496.000014648 19342.8172687 318176096
883670 1.45378e+06 486 24399.392074 373782592
884319 1.45795e+06 483 29071.8442882 380537984
886823 1.46213e+06 483 34282.0681293 536228096
890440 1.46315e+06 407.000087595 39184.9938995 1025403328
894149 1.46268e+06 278.000002117 44126.3319279 1064753088
895169 1.46639e+06 184.999800248 48837.1964018 1080386048
895911 1.4701e+06 111.000014733 53816.9466884 1117467904
898415 1.47362e+06 100 58758.2847162 1154233856
902495 1.4752e+06 100.000280157 63930.0962989 1352740480
904814 1.47631e+06 69 68794.6098094 1363246208
907967 1.47529e+06 69.0000001539 73812.7723562 1454687104
909821 1.47298e+06 60.0000145725 78984.5839386 1510091136
911862 1.47427e+06 60 84041.1587451 1522046720
916035 1.47335e+06 60.0005102044 88905.6722566 1688647552
919559 1.47604e+06 49 93923.8348034 1712947456
921784 1.47882e+06 38.000000157 98826.760572 1741329920
924195 1.48058e+06 36.0000436247 103998.572154 1769282944
928368 1.47937e+06 28 108824.673407 1791452672
932542 1.48067e+06 28 113535.537883 1849051776
934489 1.48345e+06 23.0000290716 118860.998502 1868864384
934953 1.48651e+06 18 123840.74879 1928877312
938755 1.48624e+06 14.0000299789 128666.850043 2043905408
939497 1.48401e+06 9.99999894193 133646.600328 2077779584
