678817 805559 1270.00031858 0 8100
679188 801850 1246.00000121 5088.39656633 8918100
678447 797955 1223 10023.1440965 24332400
679652 795265 1223 15034.7161434 59688900
682898 794153 1202 20315.1740035 110305800
686422 792761 734.000216334 25365.1583091 132030000
689297 791000 620 30376.7303572 181261792
690873 787197 554.000244441 35465.1269195 201268800
694026 784786 491 40937.6460741 227204992
698106 783024 446.000015122 46064.4548974 292555808
699405 780242 444.000014979 50768.7288714 434832288
702465 783117 442.000000148 56010.7744732 471071712
705340 784323 442.000075662 60791.8729662 498619808
708678 783952 438 65726.6204951 512786688
711831 784415 417.000166674 70776.6048016 529043392
714984 784972 335.000060505 76018.6504002 787943680
717581 782375 257.000015128 81183.8714846 818010880
720641 781448 176 86157.0312735 840480320
723330 779408 148 91360.6646143 880494272
723887 775976 128.000032153 96564.2979563 899334912
726854 773751 106.000212532 101575.870002 948080704
730564 772360 81 106625.85431 972591296
733624 774122 71.9997907181 111714.250874 1019943872
736499 774771 37.0000906423 116572.173885 1064177984
740301 776718 23 121737.394968 1110858240
743269 777089 19.0000755802 126902.616052 1127552384
747442 779129 16.000000582 132029.424876 1156428928
750595 780706 13.9999853275 137309.882737 1494385152
754675 778851 13 142705.577374 1508568320
758292 781262 6.00000015092 148062.859755 1530551680
760146 784137 5 153036.019542 1591982080
760796 788496 5.00001529488 157740.29352 1599847168
763207 788032 2.0000305686 163097.575897 1871553536
763670 783766 1.00004583462 167609.788577 1885129216
