466917 425066 661.999985871 0 0
465804 421449 623.000056245 5018.16 20962800
463950 417647 604 9959.5 73045800
462559 413845 582.000000124 14939.3 100180800
461353 409764 566.000014064 19803.8 123030896
458942 407260 550.000014175 24591.5 170067600
456809 404107 538.000000124 29609.6 284779808
453100 403180 527.000000238 34743 321327008
449112 403458 509.000000124 39722.8 357193792
445681 400491 480.000055862 44894.6 384361216
444197 396967 462.000000625 49720.7 424764000
442064 393350 445 54777.3 524272512
439838 390197 424.000014431 59680.2 551642368
436871 388250 412.00002769 64852 576946816
434182 386302 402.00002767 69524.4 600857984
431492 383149 386 74619.4 614822400
431770 379811 370.000041429 79330.3 1652246144
430194 376009 363.000000249 84233.2 1850048128
431214 372206 357.000028043 89443.4 1909834240
429452 368497 339.000014339 94615.3 1948236288
427597 364788 325.000082463 99518.2 3028298496
425650 362006 317.000001299 104306 3105296896
423702 359409 306.000000234 109555 3155881472
423517 355514 296.000000722 114534 3252652288
421291 352639 289.000123159 119245 3273250560
419344 349950 273.000069735 124071 3327723008
417767 346611 265 128936 3388092416
414429 345035 256.000054686 133954 3435218176
410441 344386 241.000068228 138780 3476317440
406546 342438 235.000000446 143645 4007758592
404692 338822 226.000000913 148586 4110037248
405804 334834 212 153297 4267760384
404135 330661 209.000000681 158315 4302380032
403579 326766 195.000081353 163525 5011162112
402002 323984 189.000000579 168466 5045919232
400797 320460 183.000054114 173408 5177179648
397736 320367 175.000081368 178388 5191257600
395975 317864 161.000000348 183290 5373215744
394027 313969 142.000001266 188155 5388419584
390781 310259 127 193480 5519728640
389205 306272 125.000000544 198537 5710540288
385403 306272 106.000040353 203632 5751882752
381879 304139 97.000053886 208420 5860495872
378355 302006 91.0000012549 213207 6481733632
375109 299687 84.0000268357 218187 6672480256
371492 297091 76 223282 6736753664
369081 293845 70.0000267715 228223 6751123456
366299 292269 63.0000003449 233165 7158075392
363703 289950 56.0000402329 238106 7217529344
361013 287725 51.0000001122 242971 7308063232
358324 284108 45 248027 7321703424
354985 281326 36 253084 7647712256
351369 279100 31 258179 7690950144
349050 276874 22.0000272374 262966 8106439680
347474 272794 14 267831 8139130880
346547 268621 6 272772 8149118464
