772851 1.22815e+06 1144.00025879 0 0
768956 1.2276e+06 675 4803.6 104336096
765525 1.22741e+06 638 9722.44 111958200
761816 1.22676e+06 623.000273569 14718.1 247746592
758477 1.22695e+06 614.000227918 19675.3 276809408
754397 1.22695e+06 590.000243113 24555.8 308974496
750966 1.22871e+06 569.000091641 29589.8 321569984
748925 1.22862e+06 551.000091006 34662.3 559232128
746514 1.22945e+06 537 39734.8 566319616
745401 1.23223e+06 524.000015189 44922.5 1044835200
744474 1.23502e+06 516.000212746 49956.6 1058823872
740301 1.23659e+06 506 55144.3 1522006144
739559 1.23919e+06 500 60255.2 2299339008
738168 1.24086e+06 490.000000297 65174.1 2304125952
737241 1.24234e+06 480.000015169 70054.5 2311035392
736499 1.2454e+06 473.000015165 75280.6 2356225280
735479 1.24865e+06 464.000015158 80314.7 2444701440
734551 1.24679e+06 455.000091276 85195.1 2452267008
733253 1.25032e+06 448.000000747 90306 2480868096
731769 1.25273e+06 442.000045591 95263.3 2489640192
729636 1.25495e+06 434.000166906 100259 2507460352
729636 1.25644e+06 427 105063 2525903872
728153 1.26006e+06 418.000015142 110058 3378016000
724907 1.2621e+06 409.000105932 114977 4179348992
722496 1.26349e+06 399.000045833 120203 4192406016
719992 1.26562e+06 385.000108062 125007 4369634304
717581 1.26849e+06 374.000030841 129772 4411624448
713779 1.27109e+06 362 134921 4789780992
710162 1.27378e+06 347.000105814 140186 4811659264
707658 1.27703e+06 319.000362573 145143 4843775488
705247 1.28064e+06 290.000000746 150216 5141596672
702280 1.28389e+06 259.000001513 155288 5188884480
700239 1.28704e+06 213.000152539 160245 5573423616
698014 1.29066e+06 178.000015222 165395 5609889792
695510 1.29325e+06 154.000060877 170160 5879611904
693006 1.29622e+06 115 175002 6027938816
690131 1.29863e+06 94.0000001486 179997 6093500416
688184 1.30179e+06 80.0000001476 184609 6104111616
686329 1.30512e+06 57.0000010513 189413 6115540480
682898 1.30809e+06 50.0000459976 194639 6132064256
679188 1.31217e+06 43.0001058285 200364 6144708608
679745 1.31635e+06 38.0000601003 205437 7131742208
681414 1.32024e+06 37.9999849828 210778 7492848128
682249 1.32451e+06 32.0000005622 215466 7514523648
681507 1.32859e+06 26 220116 7527751168
677890 1.33026e+06 26.0000001419 225496 8360010240
674830 1.33295e+06 26.0000004208 230377 8935474176
675572 1.33721e+06 25.9999850254 235180 8970855424
678168 1.34083e+06 22 240330 9025278976
680858 1.34463e+06 22 245517 9073360896
679281 1.34825e+06 21.0000152328 250551 9133787136
680858 1.35242e+06 19.0000448183 255893 9177988096
682063 1.35492e+06 19 260927 9189927936
684011 1.35882e+06 17 265922 9421320192
682805 1.3629e+06 16.0000298267 271072 14544481280
681043 1.36698e+06 16.0000001461 276144 24974462976
677705 1.36865e+06 16.0000747756 280948 25029711872
675294 1.37291e+06 11 286212 25184090112
672233 1.3705e+06 10 291362 25193932800
668060 1.37143e+06 10.0000893521 296588 25212821504
663794 1.37069e+06 10 301161 25219041280
659529 1.36902e+06 10.0000298016 306118 25495001088
655263 1.37087e+06 10 311152 25843179520
651461 1.36828e+06 10 316378 25898696704
647287 1.36865e+06 9 321144 25992390656
643207 1.368e+06 9.00000041447 325986 25998747648
641538 1.36373e+06 8 331327 26069121024
637272 1.36271e+06 8 336015 26073600000
633006 1.36327e+06 8 340512 26562232320
629390 1.36355e+06 8 345546 26577242112
630595 1.35928e+06 8 350388 26586800128
626700 1.35585e+06 8 355921 26928805888
622991 1.35214e+06 8 361570 26983788544
620116 1.34936e+06 7.00001494734 366642 26994651136
616221 1.34908e+06 5.00001522077 371868 27425902592
615572 1.35158e+06 2 376902 31691378688
616592 1.35548e+06 2 381514 31706462208
