467195 1.18837e+06 571.9999386 0 0
470534 1.19032e+06 493.00000054 5072.4856848 10335600
472481 1.19329e+06 450 9914.49781638 36749700
475263 1.19607e+06 383.00001524 15102.2202771 64978200
477674 1.19904e+06 368.000030603 20059.4691842 72989104
479900 1.20219e+06 345 25170.3671268 146237408
483146 1.20386e+06 328.000000134 30319.6773293 157561200
487412 1.20376e+06 319.000031018 35161.6894618 208939504
488803 1.2071e+06 289 40157.3506276 217557904
487968 1.21118e+06 269 45229.8363113 254178000
488617 1.21489e+06 256 50302.3219968 281701792
488339 1.21851e+06 245.000030563 55259.5709039 306763200
489637 1.22176e+06 229.999985052 60485.7056244 315576000
489915 1.22593e+06 193.00000013 65519.7790505 370882816
489266 1.2301e+06 167.000015325 70630.6769958 425031296
486577 1.2339e+06 128.999986198 75972.0484942 465110112
488432 1.23817e+06 122.00010625 81082.9464362 931005888
488895 1.24225e+06 113 86232.256636 966176128
489730 1.24633e+06 104 90997.4442491 1096326912
489359 1.2506e+06 102 96185.1667112 1133781248
491863 1.25236e+06 89 101219.240138 1155861888
492141 1.25588e+06 79.0000158046 106061.252269 1217608192
492883 1.25904e+06 71.000000276 111172.150212 1228996864
495572 1.26172e+06 65.0000156865 116206.223637 1379381376
499189 1.26358e+06 55.0000605515 121355.53384 1410857984
500395 1.2671e+06 48.0000003924 126043.896934 1533168000
502898 1.27026e+06 43.0000003959 130885.909065 1550534400
505124 1.27387e+06 34 135958.394749 1557743360
505773 1.27786e+06 29.0000006844 140838.819139 1572671744
508463 1.28092e+06 24.999969789 146103.36612 1579678208
510966 1.28324e+06 17 151367.9131 1836999040
506701 1.2863e+06 17 156901.345894 1871715584
503177 1.29057e+06 17 162626.839982 1911397504
501693 1.29483e+06 17 167507.26437 1935276288
501415 1.29882e+06 12 172234.039725 2911836672
499467 1.30308e+06 12.0000006843 177460.174445 17342990336
498354 1.30735e+06 10 182571.072389 17477451776
499282 1.31125e+06 8 187221.023225 17483071488
498818 1.31551e+06 7.00000079617 191755.737283 17485316096
496129 1.31978e+06 6 197135.521039 17488005120
493439 1.32321e+06 6 202630.541572 17573306368
496221 1.32469e+06 6 207587.790479 17610356736
498262 1.32599e+06 6 212698.688423 17628409856
500766 1.33026e+06 6 218001.647661 17654501376
