500209 406426 1037.99998458 0 0
503269 407817 925.000000754 4880.42 14085900
501878 411434 852.000000125 9607.2 37187100
500116 413474 835.000014208 14756.5 129818704
498076 416627 806 19790.6 150036304
495851 420522 786.000000252 24978.3 206995504
496871 424416 771.000000123 30204.4 368039712
496871 428590 759.999986092 35200.1 389439904
493903 431650 745 40272.6 445645792
491770 434432 725.000042785 45268.2 495825312
488246 436008 713.000028256 50187.1 515897088
485093 438605 693.000000375 55374.8 562747520
481848 441016 678.000014329 60600.9 581312704
479993 443891 666 65596.6 614611776
477025 444911 647.000028305 70669.1 694623616
473409 444262 618.000042529 75549.5 724771776
469977 443335 610.000126795 80314.7 775137600
465990 442593 597 85003.1 1530527360
461817 442685 588 89960.3 1580220928
457922 440923 581.000000252 95109.6 1683633664
454954 443335 572.000014088 100374 1719678592
451708 446117 562.000028201 105523 1733189376
448092 447044 554.000000354 110519 1939885184
448648 451310 548.000014121 115476 1998585856
448926 453906 539 120779 2101439744
446608 456596 521.000029287 125660 2204277248
445402 460583 516.000000241 130694 2220420608
443455 463087 509.000028454 135497 2256271104
440488 465406 489.000014425 140339 2317005056
437705 467909 475 145489 2357189120
434089 467538 446.000014186 150484 9738192896
432234 463736 429 155403 9828288512
428710 465684 364.000255391 160245 9857173504
424444 464664 283.000014181 165241 9912941568
420549 465035 236.00000076 170352 17385564160
416469 465127 222.000000352 175732 17795692544
412203 466704 207 180958 17811283968
409699 464756 203.000000364 185838 18205276160
409236 460583 200.000000623 190795 18304929792
406175 456874 197.00008487 196098 18416119808
401910 456781 197 200787 18445572096
397644 456967 197.000127339 205437 19763935232
393378 457801 182 210125 19822944256
389205 459563 182.000028649 215082 20200728576
385959 460954 164 219655 20235063296
383177 457338 157.000001497 224805 21415176192
380395 454370 151 229685 21448726528
376129 455668 145 234489 22540640256
371863 456503 137 239100 22547386368
368618 453906 128 244019 22557560832
364352 452701 125.000014244 248784 22631747584
360086 451495 122 253550 22882168832
357397 454185 114 258430 24179390464
355264 457245 114.000000119 263310 24283256832
351462 459563 107 268344 24320638976
347196 458543 102 273186 26254594048
342930 459378 97.0000141538 278413 26289399808
338850 458265 90 283447 26304579584
334584 456039 84.0000001164 288865 26321500160
331060 455947 80.0000002365 293937 26583812096
330132 458450 77.0000143741 298933 26668820480
325867 456317 71.000000358 304082 26676832256
321693 453906 67 309308 27682009088
319190 456967 60 314189 28383162368
314924 456410 55.0001980061 318839 28402804736
313069 458914 50 323681 28430376960
308896 458358 47 328753 28525899776
305465 459285 41.9999866679 333288 28601133056
302775 462345 37 338168 28614254592
298510 462160 33.0002124732 342511 28804384768
294615 462809 28.0000001114 347507 28847185920
291925 466518 25 352656 29407381504
287660 466982 23 357114 29981048832
283672 466055 17.0000001133 361726 30155409408
283208 461789 14 366183 30158276608
281539 457616 7 371256 30264508416
278108 456039 4.00001413663 376213 30337861632
273842 455668 0 380633 30364616704
