686793 829021 1289.00002802 0 2689200
689297 827445 1095.99986724 5011.5720461 25442100
691244 823828 827 10176.793128 51767100
693377 823271 762.000015192 15303.6019528 108912600
695510 820860 715.000226558 20507.2352952 125671504
695788 816780 697.000000437 25403.5705658 168731104
699127 816409 667.000075915 30415.1426118 547803008
701445 819747 658.0000761 35465.1269177 578161792
705618 820118 605.000227767 40438.286706 671498112
709977 818171 577.00003038 45603.5077898 708425984
713501 820304 514.000151912 50883.9656497 886042816
715448 822251 470 55741.8886591 1139710464
718045 825126 454.000031701 60715.0484474 1246071552
718045 829485 452.000030417 65611.3837192 1276892160
720085 833565 434.000000452 70776.6048034 1307437184
720827 837274 422.000030721 75634.527815 1392430464
722310 841355 413.000075778 80569.2753445 1418245248
726020 843395 403.000076411 85888.1454633 2542816768
729080 845806 381 91322.2523598 2663717376
731955 849330 379.000015381 96679.5347371 2703293952
736128 849979 308.000029532 101844.75582 3014155776
740487 850350 294 106664.266571 3138701312
741970 847754 239.000015229 111752.663137 3160636160
745865 848774 204 116725.822925 3227712256
749760 850628 146.000046922 122044.693045 3259836928
751800 852576 133 127094.677352 3303293440
754026 854523 95.0001219539 132221.486175 3349998080
757735 856007 84.0001066734 137156.233703 3383726336
761908 856471 57.9999855325 142244.630267 3418426880
765525 855822 43.0002591221 147025.72876 16382589952
769420 858325 32 152306.186621 16408834048
773686 857769 24 157010.460594 16507467776
776004 854709 14 161791.559087 16627502080
780363 855358 10 166572.65758 16676085760
784536 852947 4.00000031565 171853.11544 16706962432
788894 850814 1 177171.985559 16715548672
